MKP con n=100 y m=5
V=[128,  68,  12,  28,  98, 106, 106,  89,  29,   6,   3,  39,  32,
    57,  94,  15,  39, 152,  35,  54,  26,  41,  85, 140, 110,  36,
    96,  39,  34,  64,  20,  25,  38,  72,  43, 116,  13,  36,  42,
    30,  40,  26, 157,  87,  98,  59,  53,  42,  26,  44, 119,  64,
   131,  18,  67, 108,  77, 137,  53,   3,  20,  16,   9, 104,  22,
    17, 114, 148,   9, 115,  36,  47,  38,  31,  76,  34,  43,  52,
    39,  40,   8,  39,  44,  16,  12,   9,  58,  28,  80, 101,  15,
    63,  44,  65,  81,  54,   9,  26,  19,   7]
R=[[56, 10, 46, 46, 11, 15, 38, 43, 56, 43,  6, 25, 40, 21, 42, 16, 49,
    27, 27, 14, 27, 60, 39, 17, 43, 60, 10, 52, 38, 45, 10, 44, 51, 10,
    34, 53,  3, 56, 30, 11, 52, 27, 49, 20,  9,  6, 11, 14, 39,  3, 35,
    25, 49, 38, 60, 46, 20, 23, 25, 10, 35, 59, 31, 58, 18, 23, 52, 59,
    47,  6,  9,  9, 29, 10, 11, 14, 49, 56, 59, 13, 12, 59, 57, 11, 31,
    34,  9,  6,  9, 41, 50, 28, 21,  6, 12, 35,  7, 38, 58, 47],
   [57, 31,  6, 43, 31, 59, 58, 52, 11,  8, 33, 32, 57, 24, 24,  9, 22,
    56,  8, 41, 35,  9, 37,  5, 43, 54, 12,  4, 45, 35, 46, 11, 18, 48,
    42, 49, 11, 58,  8, 23, 18, 14, 59, 26, 26, 28, 11, 18, 43,  6, 60,
     3, 18,  8, 26, 53, 24, 23, 42, 51,  9, 22, 13, 54, 17, 19, 13, 28,
    15, 54, 11, 43, 60,  6, 25, 38, 10, 31, 16, 28, 16, 44, 33, 34, 26,
    12, 43, 13, 36, 38, 44, 53, 24, 34, 45,  4, 28, 12, 43, 57],
   [25, 40, 47, 40, 15, 57, 34, 35, 41, 33, 46, 60, 60, 45, 32, 49, 20,
    33, 30, 29, 12, 30, 53,  8, 19, 15, 32, 19, 30, 56, 10, 41, 10, 34,
    60, 50, 39, 55, 56, 58, 29, 42, 38, 34, 35, 46, 30, 44,  6, 43, 16,
    47, 41, 33, 60, 19, 47, 21, 21, 51, 18, 54, 10, 12, 30,  7, 31, 20,
    23, 16, 21, 13, 21, 32, 50, 28, 24, 22, 56, 29, 16, 17, 54, 57, 45,
    38, 41, 36, 47, 59,  7, 27, 39, 50, 48, 51,  8, 49, 33,  6],
   [44, 33, 51, 36,  9, 46, 38,  3, 10,  4, 11, 36, 23, 23, 47, 26, 36,
    42, 14, 47, 28,  8,  8, 50, 41, 31, 55, 27, 26, 54, 44, 58, 38, 38,
     4, 52, 34,  5, 42,  9, 45, 22, 26, 38, 26, 17, 24, 55, 26, 57, 45,
    58, 21, 46, 32,  7,  3, 45, 59,  3,  5,  8, 30, 59, 39,  7, 21, 58,
    20, 58, 46, 18, 40, 58,  7, 23, 29, 12, 42, 51, 40, 13, 49, 41, 17,
    15, 46, 52, 50, 16, 31, 10, 34, 24, 17, 12,  4, 46, 53, 53],
   [32, 52, 38, 12, 48, 37, 40, 43, 11, 10, 43, 53, 55,  4,  5,  7, 41,
    58, 38,  3, 16, 30, 11, 23, 38, 19, 46, 39, 50, 47, 16,  7, 10, 15,
    42, 34, 15,  7, 35, 17, 29,  9, 38, 39, 49, 50, 42, 28, 17, 22, 16,
    23, 53, 13, 56, 40, 32, 49,  3, 33, 59, 53, 25, 17, 16, 14, 33, 45,
    17, 54, 26, 35, 43, 44, 54, 59, 27,  3,  7, 54, 32, 34, 16, 57, 41,
    12, 24, 37, 50, 18, 24, 38, 19, 48, 47, 28,  4, 12, 48,  7]]
W=[2028, 2271, 2630, 1861, 2010]
P=[V,R,W]

Mejor solución encontrada:
[1, 1, 0, 0, 1, 1, 1, 1, 1, 0, 0, 0, 0, 1, 1, 0, 0, 1, 1, 1, 1, 1,
 1, 1, 1, 1, 1, 1, 1, 1, 0, 0, 1, 1, 1, 1, 0, 1, 1, 1, 0, 1, 1, 1,
 1, 1, 1, 0, 0, 0, 1, 1, 1, 0, 1, 1, 1, 1, 1, 0, 0, 0, 0, 1, 0, 1,
 1, 1, 0, 1, 0, 1, 0, 0, 1, 1, 1, 1, 1, 0, 0, 1, 0, 0, 0, 0, 1, 0,
 1, 1, 0, 1, 1, 1, 1, 1, 1, 0, 0, 0]

Valor Óptimo generado:
4683