MKP con n=200 y m=10
V=[ 32,   9,  35,  22,  68,  48,  13,  89,  53,  55,  40,  27,  99,
    11,  20,  28,  10,  90,  70,  66,  52,  11,  73, 110,  72,  62,
    15,  48,  52,  63,  35,  75,  14,  58,  68,  60,  32,  93,  31,
    15,  66, 128, 100,  26,  96, 163,  89,  64,  17,  10,  31,  44,
    23,  18,  24,  22, 119,  12,  83,  12,  70,  26,  27,  47,  27,
    28,  53,  80,  93,  48,  17,  20,  83,  13,  37,  58,  28,  44,
     7, 108,  77,  65,  63,  10,  22, 102,  94, 134, 137,  25,  46,
    37,  22,  46,  72,  23, 104,  28,  58, 129,  51,  52,   6, 102,
    27,  71,  10,  41,  90,  35,  56,  38,  92, 113,  18,  82,  70,
   120, 129,  24,  42,  18,  21,  27,  39,  45,  55,  63,  13,  33,
    67,  68,  40,  55,  73,  81,  81,  26,  39, 124,  24,  32,  13,
    12,  98,  44,  61,  36,  22,  83,  30,  41,  10, 101,  21, 113,
    16,  38,  24,  36,  58,  77,  22,  78,  87,  55,  40,  35,  23,
    42,  64,  45,  46,  71,  34,  78,  17,  51,   7,  66,  11,  16,
    22, 101,  52,  52, 126,  38,  21,  28,   8,  58,  46,  98, 117,
    20,  51,  86,  20,  18]
R=[[58, 43, 15, 53, 16, 54, 27, 42, 51, 58, 27, 55, 45, 31, 36, 19, 14,
     8, 10, 42, 24, 55, 46, 12, 39, 37, 42, 45, 40, 35, 43, 30, 58, 48,
    27, 10,  6, 50, 49, 53, 40, 31, 58, 41, 40, 55, 16, 53,  6, 50, 37,
    46, 28, 10, 27, 16, 49, 31, 31, 59, 39, 31, 39, 41, 52, 48, 41, 34,
    47, 23,  6, 48, 44, 29, 24, 50, 29,  8, 45, 48, 58, 57, 40, 14, 27,
     9, 45, 46,  3,  8, 23, 21, 40, 25,  8, 13, 37, 58, 23, 26, 27, 30,
    13, 13, 25, 56, 13, 16, 55, 45, 42, 20,  5, 53, 38, 13, 41, 22, 35,
    44,  6, 22,  3, 24, 39, 29, 60, 33, 34, 52, 14, 48, 41, 31, 31, 45,
    46, 40, 19, 19, 10, 28,  5,  4, 32, 56,  9, 11, 41, 35, 57,  8, 57,
    40, 16, 34,  8, 37, 25, 14, 42, 30, 56, 41, 34,  7, 56,  5, 56, 21,
    60, 49, 55, 58, 49, 44, 21, 50,  6, 11, 31, 45, 31, 56, 16, 28, 18,
    49, 35, 23, 57, 57, 46, 15, 46, 49, 24, 19, 23, 37],
   [41, 46, 36, 28, 38,  9,  7, 19, 39, 44, 35, 18,  9,  8, 43, 17, 29,
     7, 21, 16, 42, 18, 12, 17, 48, 23, 13, 32, 22, 22,  8, 45, 25, 42,
    40, 18,  8, 22, 28, 36, 44, 36, 48, 48, 36, 13, 48,  9, 28, 11, 15,
    42, 13, 17, 20, 14, 11, 42, 44, 18, 46, 36, 25, 18, 15, 27, 38, 29,
    44, 30, 37,  7, 21, 40, 30, 19, 19, 11, 16, 48, 33, 19, 25, 35, 11,
    21, 36, 34, 46, 29, 16, 47,  9,  9, 35,  9, 38, 34, 44,  7, 13, 25,
     7, 25, 11, 29, 34, 19, 41, 17, 12, 31, 16, 27, 31, 18, 41, 36, 44,
     9, 35, 26, 22, 17, 45, 10, 11, 35, 48, 39, 20, 16, 17, 14, 31, 35,
    44, 33, 41, 17, 19, 37,  8, 38, 24, 27, 14, 30, 23, 20, 24, 38,  9,
    26, 19,  9, 47, 23,  7, 47, 23,  8,  8,  7,  7, 44, 28,  7, 39, 23,
    35,  8, 41, 31, 44,  7, 15, 11, 21, 31, 13, 48, 28, 17, 19, 44, 34,
    40,  8, 30, 42, 16,  8, 15, 12, 47, 40, 40, 39, 34],
   [23,  8, 20, 38, 22, 33, 49, 55,  8, 54, 22, 40, 36, 22, 51, 43, 31,
    38, 34, 50, 23, 18, 32, 37, 51, 31, 29, 46, 11, 32, 27, 55, 34, 41,
    17, 15, 15,  9, 24, 29, 55, 48, 36, 38, 31, 38, 44, 12, 10, 29, 31,
    32, 10, 45, 31, 28, 27, 25, 37, 40, 39, 15, 47, 36, 36, 25, 46, 49,
    52, 32, 38, 43, 52, 37,  8, 28, 28, 29, 36, 34, 31, 46, 44,  9, 51,
    16, 47, 29, 23, 32, 53, 49, 17, 47, 15, 36, 35,  8, 52, 15, 49, 16,
    39, 39, 39, 23, 25, 32, 16, 25, 23, 27, 41, 48, 51, 25, 30, 48, 45,
     9, 16, 52, 16, 49, 26, 43, 18, 27, 34, 17, 35, 16, 41, 16, 18, 11,
    30, 31, 53, 34, 34, 48, 14, 43, 38, 35, 50, 10, 22, 10, 28, 36, 48,
    42, 23, 12, 18, 29, 48, 28, 26, 34, 19, 22, 16,  7, 47, 21, 10,  9,
    36, 42, 51, 27, 54, 27, 33, 22, 25, 24, 44, 35, 46, 21, 35, 21, 42,
     9, 45, 32, 16, 51, 21, 52, 17, 25, 21, 19, 10, 20],
   [15, 10, 22, 28, 33, 38, 32, 28, 37, 35, 20,  9, 33, 10, 39, 10, 23,
    26, 32, 24, 22, 18,  9, 17, 19, 17, 27, 26, 28, 19, 12, 39, 40, 20,
    15, 14, 25, 21, 11, 19, 39, 19, 27, 12, 40, 37, 18, 37, 36, 24, 26,
    20, 31, 14, 32, 18, 37, 10, 13, 28, 18,  8, 21, 30, 29,  8, 39, 34,
    15, 24, 30, 18, 24, 34, 35, 11, 12, 18, 22,  9, 39, 27, 13, 39, 31,
    23, 29, 38, 40, 11, 20, 29, 19, 21, 27, 19, 15,  8, 34, 34, 39,  9,
    20, 25, 11, 26, 34, 31, 29, 29, 29, 40, 34,  8, 28, 39, 26, 12, 24,
    22, 37, 27, 37, 10, 38, 15, 37, 24, 10, 26, 11, 29, 20, 33, 35, 10,
    29, 40, 36, 24, 18, 26, 23, 28, 32, 18, 25, 18, 28, 12, 16, 38, 19,
    25, 33, 35, 23, 40, 34, 15, 15, 22, 15, 16, 21, 19, 34, 13, 38, 10,
    26, 21, 34, 11, 31, 36, 30, 10, 10, 21, 25, 12, 18, 13, 24, 25, 40,
    36, 19, 23, 10, 24, 18, 35,  8, 33, 31, 37, 38, 38],
   [22, 15, 32, 11, 47,  7, 14, 19, 32, 32, 38, 24, 35, 41, 31, 49, 11,
    32, 33,  9, 15, 10, 26, 38, 45, 23, 40, 44, 11, 15, 13, 22, 17, 20,
    42, 37, 47, 25, 29, 27, 35, 46, 26, 17, 52, 42, 44, 29, 50, 30, 17,
    13, 41, 37, 28, 25, 39, 26, 39, 22, 27, 35, 34, 52, 42, 25, 47, 29,
    12, 46, 36, 47, 21, 48, 18, 22, 40, 49,  8, 33, 15, 35, 31, 23, 39,
    18,  8, 40, 22, 14, 51, 22, 37, 11, 50, 32, 17, 39, 11,  9, 33,  7,
     6,  9, 10, 45, 47, 18, 12, 32, 52, 41, 37,  6, 39, 20,  8, 13, 23,
    30, 29, 40, 32, 51, 53, 16, 14, 18,  9, 38, 12, 38, 42, 11, 39, 44,
    11, 33, 24, 53, 24, 29, 31, 10, 49, 38, 31, 15, 20, 15, 29, 19,  9,
    38, 31, 47, 28, 25, 10, 46, 51, 27, 52, 13, 48, 24, 46, 52, 16, 28,
    44, 47, 43, 45,  7, 37, 10, 30, 41, 45, 25, 38, 20,  8, 20,  6, 43,
     8, 52, 28, 10, 30,  7, 46,  7, 24, 32, 30, 25, 23],
   [21, 10, 53, 30, 50, 43, 44, 11, 12, 19, 32, 34, 37, 15, 12, 50, 21,
     7, 53,  6, 49, 50, 52, 43, 30, 29, 53, 52, 41, 21, 23, 22, 25, 24,
    49,  7, 41, 40, 47,  7, 20, 18, 16, 27, 40, 23, 40, 38,  7, 12, 22,
     7, 21, 31, 23, 52, 13, 39, 52, 11, 29, 44, 41, 47, 20, 19,  7, 26,
     6, 21, 24, 52, 52, 11, 36, 52, 37, 25, 38, 39, 42, 39, 32, 15, 52,
    33, 19, 19, 27, 20, 27, 39, 18, 45, 14, 24,  6, 15, 27, 19, 23, 13,
    23, 39, 44, 34, 13, 32, 34, 23, 52, 29, 31, 52, 19, 18, 35, 49, 52,
    33, 45, 48, 25, 46,  5, 52, 43, 15, 17, 43, 26, 53, 19, 25, 51, 50,
    45, 41, 37, 12, 17, 35, 30, 12, 41,  7, 24, 50, 11, 37, 21, 10, 35,
    40, 33, 39, 10, 52,  7, 26, 14,  6, 29, 26, 29, 36, 20, 44,  7, 18,
    22, 49, 30, 32, 27, 32, 21, 47, 20, 14,  6,  5, 43, 34, 36, 48, 16,
    45, 11, 52,  6, 24, 16,  9, 11,  7, 28, 19, 50, 21],
   [15, 14, 31, 17, 39, 26, 12, 40, 34, 14, 28,  9, 21, 21, 35, 10, 14,
    17, 43, 32, 41, 18, 32, 38, 32, 10, 12, 23, 34, 30, 29, 40, 28, 31,
    17, 27, 19, 33, 32, 11, 16, 42, 26, 15, 20, 25, 43, 31, 14, 11, 13,
    20, 24, 12, 37, 40, 29, 13, 42, 38, 34, 32, 10, 44, 13, 34, 39, 32,
    35, 38, 15, 44, 41, 11, 20, 32, 42, 11, 14, 21, 24, 19, 17, 33, 33,
    45, 13, 32, 19, 30, 44, 45, 19, 19, 20, 39, 25, 34, 29, 24, 34, 41,
     9, 12, 42, 45, 44, 21, 23, 33, 29, 24, 25, 30, 14, 29, 20, 15, 26,
    42, 31, 34, 11, 37, 42, 13, 43, 28, 23, 24, 32, 18, 11, 10, 31, 15,
    40, 42, 33, 29, 40, 10,  9, 37, 28, 23, 17, 31, 36, 11, 42, 42, 10,
    14, 26, 32, 39, 15, 29, 18,  9, 24, 41, 15, 25, 37, 18, 11, 21, 24,
    37, 14, 31, 39, 45, 45, 43, 12, 38, 24,  9,  8, 32, 16, 25, 41, 15,
    20, 43, 44, 11, 30, 37,  9, 12, 26, 27, 38, 45, 45],
   [17, 15, 44, 37, 16, 36, 15, 46, 28, 32, 38,  8, 24, 44, 29, 41,  8,
    39, 20,  9, 26,  7, 24, 15, 47, 32, 20, 10, 14, 41, 27, 58, 14, 23,
    47, 45, 49, 31, 34, 28, 54, 40, 15, 12, 51, 37, 50, 48, 17, 14, 41,
    42, 20, 57, 22, 10, 22, 10, 55, 22, 45, 41, 47, 27, 20, 46, 12, 11,
    13, 54, 17, 29, 19, 30, 57, 37, 25, 45, 38, 36, 29, 17,  7, 20, 46,
    58, 18, 50,  7, 28, 42, 42, 48, 54, 43, 50, 29, 29, 51,  7, 31, 53,
    35, 45, 43, 48, 16, 14, 26, 18, 19, 16, 23, 24, 33, 38, 30, 32, 44,
    18, 45, 27, 56, 11,  8, 28,  9, 55, 25, 41, 34, 38, 12, 39, 16, 15,
    19, 12, 46, 15, 19, 11, 31, 58, 11, 42, 40, 28, 17, 28, 52, 49, 17,
     9, 11, 10,  8, 58, 17, 24,  7, 24, 47, 37, 26,  8,  7, 29, 58, 45,
     7,  9, 49, 13, 36, 40,  7, 58, 51, 33, 48, 22, 23, 41, 54, 59, 12,
    30, 52, 47, 46, 30, 50, 53, 18,  8, 51, 52, 25, 29],
   [21, 32, 26, 37, 31,  8, 25, 23, 22, 24, 26, 28, 18, 12, 35, 33, 43,
    43, 34, 31, 43, 37, 32, 19, 27, 14, 44, 36, 40, 15, 24, 33, 16, 28,
    11, 32, 13, 33,  8, 15, 32, 27, 25, 36, 13, 32, 18,  8, 40, 28, 36,
    25, 26, 36, 24, 11, 39, 21, 15, 27, 14, 31, 41, 42, 26, 36, 31, 32,
    13, 32, 38, 19, 26, 26, 13, 28, 13, 15, 35, 37, 17, 33, 33, 15, 37,
    36, 36, 42, 33,  8, 44, 16, 44, 19, 34, 41, 44, 28, 20, 27, 41, 28,
    15, 37, 25, 10, 29, 38,  9, 41, 39, 24, 14, 36, 30, 17, 27, 21, 35,
    12, 16, 19, 36, 32, 15, 18, 21, 34, 40, 41, 36, 26, 15, 26, 42, 21,
    14, 38, 23, 19,  8, 37, 30, 44, 30, 25, 38, 23, 27, 42, 38, 21, 11,
    24, 31, 24, 22, 12, 12, 22, 30,  8, 27, 36, 12, 32, 16, 41, 22, 20,
    22, 10, 18, 33, 32, 29, 30, 26, 39,  9, 36, 27, 22, 44, 44, 19, 34,
    10, 34, 11, 30, 22, 40, 39, 22, 12, 42, 39, 30, 39],
   [26, 44, 28, 23, 10, 28, 11, 53, 31, 31, 34, 16, 28, 31, 37, 45,  8,
    25, 43, 50, 36, 52, 49, 24, 19, 50, 43, 19, 25, 14, 51, 40, 43, 37,
    42, 23, 25, 54, 21, 22, 28,  7, 38, 12, 53, 12, 30, 51,  7, 18, 35,
    50, 28, 21, 25, 48, 52, 28, 23, 16, 48, 49, 45, 25, 17, 50, 24, 42,
    31, 56,  9, 41, 51, 28, 26, 45, 14, 42, 15, 16, 42, 48, 55, 42, 38,
    15, 20, 12, 49,  7, 47, 52,  9, 28, 50, 53, 24, 47, 31, 48, 50, 29,
    24, 38, 53, 12, 36, 40, 54, 38, 43, 29, 47, 42, 29,  9, 17, 52, 29,
    23,  8, 41, 25, 33, 28, 11, 14,  9, 23, 31, 11, 40, 23, 42, 20, 52,
    23, 55, 36, 47, 14, 32,  8, 42, 37, 42, 54, 51, 49, 29, 39, 14, 54,
    19, 26, 54, 44, 19, 22, 17,  8, 39, 38, 22, 26, 15, 17, 13, 47, 36,
    41, 41, 19, 38, 52, 20, 34, 19, 18, 27, 51, 11,  7, 13, 43,  7, 47,
    55, 14, 49, 36, 55, 20, 47, 44, 53, 31, 42, 22, 48]]
W=[4671, 3366, 5203, 4155, 4112, 4731, 3865, 4561, 4097, 5669]
P=[V,R,W]

Mejor solución encontrada:
[0, 0, 0, 0, 1, 1, 1, 1, 1, 1, 1, 1, 1, 0, 0, 1, 0, 1, 1, 1, 1, 0,
 1, 1, 1, 1, 0, 1, 1, 1, 1, 1, 0, 1, 1, 1, 1, 1, 1, 0, 1, 1, 1, 0,
 1, 1, 1, 1, 0, 0, 1, 1, 1, 0, 0, 1, 1, 0, 1, 0, 1, 0, 0, 1, 1, 0,
 1, 1, 1, 1, 0, 0, 1, 0, 1, 1, 1, 1, 0, 1, 1, 1, 1, 0, 1, 1, 1, 1,
 1, 0, 1, 0, 1, 1, 1, 1, 1, 0, 1, 1, 1, 1, 0, 1, 1, 1, 0, 1, 1, 1,
 1, 1, 1, 1, 0, 1, 1, 1, 1, 1, 1, 0, 0, 1, 0, 1, 1, 1, 0, 0, 1, 1,
 1, 1, 1, 1, 1, 0, 0, 1, 1, 0, 1, 0, 1, 1, 1, 1, 0, 1, 0, 1, 0, 1,
 0, 1, 0, 1, 1, 0, 1, 1, 1, 1, 1, 1, 1, 1, 0, 1, 1, 1, 1, 1, 0, 1,
 0, 1, 0, 1, 0, 0, 0, 1, 1, 1, 1, 0, 0, 0, 0, 1, 1, 1, 1, 0, 1, 1,
 0, 0]

Valor óptimo generado:
9120