MKP con n=50 y m=3
V=[ 33,  54, 111,  75,  70, 111, 109,  52,  80,  62,  49,  60,  56,
    64,  20,   7,  12,   9,  32,  17,  23,  37,  48,  48,  30,   9,
    54,  97,  37,  22,  31,  50,  41,  19,  16,  48,  68,   7,   7,
    62, 132,  55,  74,  76,  46,  10,  32,  61,   6, 120]
R=[[17, 27, 40, 59, 12, 58, 49, 36, 27, 36, 24, 43, 32, 22, 33,  3, 14,
    43, 20, 33, 33, 57, 33, 10,  8, 21, 10, 49, 17, 14, 15, 41, 35,  8,
    28, 17, 19, 43, 13, 30, 39, 44, 47, 45, 35,  5, 28, 26,  3, 47],
   [24, 17, 57, 28, 26, 30, 46, 26, 35, 39, 33, 29, 38, 58, 34,  8, 30,
    16, 11, 24, 28, 14,  4,  5, 21, 54, 53, 43, 45, 19, 23, 23, 58, 23,
    11,  6, 34,  3, 25, 11, 22, 33,  8, 37, 31,  7, 41, 27, 16, 53],
   [ 8, 13, 30, 13, 50, 59, 60, 27, 31, 23, 59, 37, 14, 22, 14, 17, 14,
     4, 18, 54, 11, 31, 38, 20, 57,  5, 19, 49, 58, 56, 29, 40, 31, 17,
    51, 17, 45, 21,  8, 25, 50, 45, 43, 42, 43, 52, 10, 56, 55, 42]]
W=[ 961,  819, 1225]
P=[V,R,W]

Mejor solución encontrada:
[1, 1, 1, 1, 1, 1, 1, 1, 1, 1, 1, 1, 1, 0, 0, 0, 0, 0, 1, 0, 0, 0,
 1, 1, 1, 0, 0, 1, 0, 1, 1, 1, 0, 0, 0, 1, 1, 0, 0, 1, 1, 0, 1, 1,
 1, 1, 0, 1, 0, 1]

Valor Óptimo generado:
1977