MKP con n=500 y m=15
V=[ 62, 120,  46,  86,  25,  37,  89,  40,  92,  46,  50, 100,  74, 117,  34,  84,  32,  21,  12,  30,  47, 107,  68,  14,  36,  13,
    35,  24,  46,  78,   7,  71,  18,  56,  22,  56, 124,  15,  27,  35, 111,  42,  35,  18,  24,  23, 112,  13,  91,  37,  16,  80,
    58,  14,  32,  48,  14,  21,  47,   6,  46, 140,  44,  41,  81,  28,  77,  40,  94,  15,  58,  26,  24,  39, 108,  45,  28,  63,
   101,  53,   9,  18,  74,  77,  25,  82,  16,  23,  24,  84,  19,  28, 112,  35, 122,  14,  58,   6,  83,  49,  21,  28,  30,  40,
    20,  48,  65,  44,  62,  19,  92,  18,  31,  20,  19,  13,  98,  29,  30,  24,  47,  69,  27,  12,  60,  39,  38,   3,   7,  36,
    13,  16,  68,  46, 113,  14,  63,  54,  30,  77,  35,  24,  89,   8,  84,  20,  30,  10,  35,  57,  17,   8,  87,  32,  41,  38,
    26,  21,  86,  36, 107,  33,  79,  15,  22,  76,  25,  81, 124,  25,  17,  63,  53,  10,  25,  15,  53, 109,  48,  40,  28, 104,
    31, 114,  28,  25,  45,  89,  13,  13,  81,   9,  15,  22,  58,  23, 102,  29,  35, 151,  67,  89,  29,  22,  26,  42,  11,  26,
    78,  17,  25,  38,  19,  67,  13,  63,  46,  12,  42,  87,  82,  34,  17,  16,  14,   4, 123,  19,  15,  58,  55,  15,  45,  23,
    74,  21,  66,  69,  44,  53,  47, 107,  54, 105,  81,  82,  26,  45, 131,  11,  24,  79, 121,  21,  14,  37,  83,  65,  36,  79,
    25,  41,  22,  16,  39,  51,  60,  66,  99,  34, 132, 100,  50,  33,  61,  58,  51,  21,  28,  76,  40,   8,  29,  41,  16,  20,
    83,   5,   5,  43, 125, 134,  65,  51,  71,  12,  18,  44,  22,  20,  54,  20,  76,  44,  19,  93,  38,  37,  82,  16, 104,  61,
    17,  20,  65,  99,  44,  37,  67,  60, 112,  75,  31, 102,  38,  81,   5,  44,  93,  12,  13, 125,  39,  36,   5,  44,  73,  22,
    21,  60,   8,  73,  23,   6,  36, 101,  55,  61,   9,  61,  31,  53,  24,  11,  56,  57,  16,  28,  13,  50,  14,  41,  82,   8,
    62, 137, 109,  33,  15,  17,  33,  65,  56,  42, 119,  79,  36,  12,  19,  60, 114,  14,  29,  26,  64, 104,  17,  53,  21, 107,
   102,  23,  72,  53,  19,  21,  99, 127,  20,  94,  35,  97, 107,  30, 105,  11, 151, 107,  31,  54,  31,  30,  57,  24,  20,  94,
    89,  92,  63,   9,  44,  28,  38,   5,  47,  35,  42,  48,  41,  38,  13,  40,  48,  63, 135,  36,  76,  20,  37,  80,  29,  79,
    48,  34,  23,  90,  98,  76,  41,  34,  62,  17,  49,  34,  47,  51,  41,  20,  22,  13,  60,  57,  31,  66,  27,  43,  80,   9,
    18, 120,  27,  71, 128,  25,  45,   5,  17,   2,  61,  66,  28,  24,  38,  88,  34,  25,  38,  19,  33,  68,  62,  20,  66,  33,
    17,  46,  30,  62,  17,  13]
R=[[27,  8, 28, 38, 22, 20,  3, 18, 26, 35, 10, 36, 37, 37, 19, 40, 39, 33, 12, 18, 30, 17,  9, 33, 30, 22, 37,  6, 11, 28, 42, 17, 16, 22,
    32, 27,  6, 14,  9, 44, 45, 15,  6, 30,  9, 17, 44, 41, 16, 19, 12, 25, 27,  7,  9, 10, 19, 34, 28, 31, 22, 14, 31, 31, 19,  9,  4, 45,
    37, 10, 29, 23, 42, 18, 16, 38, 31, 43, 44, 14,  7, 37, 24, 35,  7, 42, 44, 24, 32, 44, 29,  9, 10, 40, 22, 43,  6, 19, 15, 42, 14, 20,
     6, 14, 38, 15,  5, 45, 33, 44, 45, 37, 26, 45, 16, 40, 10, 22, 34,  7, 29, 23,  6, 36, 14, 29,  8,  4, 29, 12, 41, 14, 30, 36,  7, 15,
    11, 24, 38, 43, 15, 36, 16, 19, 30, 11, 44, 16,  5,  8,  9,  5, 29, 33, 25, 34, 30, 36, 27,  4, 36, 29, 10,  8, 34,  3,  4, 27, 14, 21,
    33, 17,  7, 28, 29, 39, 21, 33, 44, 12, 40, 41, 35, 45, 20, 29, 16,  6, 21, 11, 21, 29,  6, 35, 33, 34, 15, 40, 32, 39, 22, 42, 10, 14,
    23,  9, 42,  7, 21,  8,  9, 39, 28, 21, 21, 27,  5, 31, 21, 13, 38, 44, 32, 37, 20,  6, 29, 35, 24,  3, 35, 12, 10, 15, 11, 33,  4, 14,
     9, 14, 29,  8, 27, 40, 27,  8,  5,  7, 33, 33, 13,  6, 16, 29, 10,  9, 17, 30, 43, 24, 12, 30, 24,  5, 30,  4, 19, 35, 29,  9, 23, 43,
    41, 30, 16, 22, 25, 25, 41, 26, 43,  9,  6, 30,  7,  5, 22, 10,  7, 23, 16, 28, 32, 39, 15, 37, 14, 28, 36, 22, 37, 20, 26,  7, 28, 35,
     5, 33, 22, 12, 34, 22, 26, 19, 22, 22, 19, 34, 41,  7, 33, 11, 43, 32, 44, 25,  4,  6,  9,  4, 14, 28, 13,  3, 15, 34,  7,  7, 41, 19,
    10, 16,  9,  3, 13, 41, 17, 29, 13, 40,  7, 29, 45, 17, 31, 22, 11, 42, 31, 23, 20, 14, 41,  3, 16, 19,  7, 12,  8,  6, 22, 31, 32, 25,
    41, 34, 30, 21, 42,  4, 15, 20, 22, 20,  3, 26,  5, 16,  6,  6, 34, 17, 32, 12, 15,  7, 14, 23, 11, 40, 34, 16, 44,  6, 34, 34, 20, 38,
     9, 12, 18, 25,  5,  6, 18, 34, 10, 22, 23,  7, 28, 37, 23, 33, 31, 42, 41, 39,  3,  4, 16, 44, 36, 23, 26, 34, 13, 13, 23, 31, 18, 23,
    16, 27, 30, 21, 20, 34, 45, 37, 25, 24, 18, 44, 12, 39, 14,  5, 42, 16,  9, 31, 17, 12, 20,  3, 13, 40, 33, 26, 30,  3, 14, 16, 13, 10,
    20,  3, 33, 13, 20, 26, 23,  9, 24, 28, 23, 24, 14, 43, 20, 23, 14, 24, 42, 33, 40, 28, 31,  3],
   [35, 23, 10, 31, 11, 39, 27, 25, 43, 24, 11, 14, 33, 12, 31, 27, 15, 20, 20, 20, 51, 18, 37, 21, 44, 45, 30, 46, 31, 11,  9, 30, 41, 25,
    17, 52, 27, 23, 12, 11, 15, 27, 48,  9, 17, 23, 46, 10, 36, 21, 23, 27, 36, 14, 48, 31, 10, 35, 24, 26, 43,  9, 19, 43, 46, 25, 45, 18,
    47, 49, 18, 21, 42, 15, 10, 27, 40, 34, 46, 43, 47, 43, 21, 10, 17, 15, 29, 18, 24, 23, 35, 10, 17, 13, 27, 34, 46, 21, 52, 20, 40, 16,
    42, 47, 16, 30, 12, 36, 40, 21, 17, 19, 51, 50, 26, 31, 35, 22, 10, 28, 30, 37, 10, 12, 32, 29, 23, 31, 11, 24, 14, 24, 19, 14, 43, 11,
    35, 45, 48, 32, 52, 25, 31, 11, 46, 42, 48, 13, 14, 42, 43, 18, 11, 40, 10, 21, 19, 22, 37, 14, 43, 35, 11, 31, 13, 35, 34, 34, 20, 42,
    39, 49, 44, 42, 21, 42, 31, 39, 21, 37, 28, 30, 16,  9, 19, 27, 38, 41, 30, 49, 36, 41, 14, 37, 11, 14, 51, 44, 12, 50, 11, 45, 31, 30,
    27, 48, 33, 37, 27, 23, 13, 14, 22, 40, 39, 51, 46, 24, 44, 31, 47, 15, 49, 24, 45, 46, 27, 39, 46, 40, 10, 31, 10, 15, 46, 38, 18, 24,
    42, 36,  9, 31, 33, 28, 10, 29, 41, 44, 20, 38, 20, 20, 26, 23, 25, 51, 15, 16, 16, 14, 41, 18, 51, 18, 32, 49, 40, 42, 35, 13, 32, 13,
    47, 40, 12, 11, 31, 41, 34, 41, 47, 15, 52, 39, 44, 27, 12, 32, 10, 46, 38, 47, 37, 14, 18, 45, 14, 22, 43, 36, 47, 25, 38, 38, 32, 31,
    24, 45, 30, 35, 47, 30, 10, 42, 50, 41, 51, 13, 28, 23, 32, 14, 33, 27, 17, 25, 52, 14, 48, 12, 40, 36, 27, 13, 14, 46,  9, 10, 34, 47,
    20, 11, 25, 35, 37, 40,  9, 13, 17, 24, 37, 20, 20, 28, 19, 17, 40, 19, 18, 38, 44, 41, 26, 32, 17, 28, 50, 31, 24, 43, 23, 39, 26, 49,
    36, 26, 40, 51, 47, 24, 36, 13, 23, 12, 26, 39, 11, 30, 14, 23, 37, 45, 49, 37, 16,  9, 33, 44, 32, 25, 19, 44, 49, 11, 46, 41, 51, 39,
    12, 24, 20, 27, 19, 32, 32, 41, 25, 35, 11, 45, 22, 49, 12, 19, 48, 10, 28, 21, 29, 23, 21, 12, 20, 49, 43, 43, 22, 34, 24, 32, 46, 41,
    39, 39,  9, 50, 51, 28, 40, 20, 49, 22, 41, 33, 30, 46, 29, 45, 20, 24, 35, 22, 10, 51, 15, 44, 52, 20, 40, 51, 23, 37, 26, 34, 13, 17,
    19, 26, 29, 27, 24, 50, 45, 40, 50, 23, 48, 42, 10, 21, 21, 36, 38, 48, 44, 42, 14, 10, 50,  9],
   [40, 21, 27, 16,  6, 30, 22,  6, 40, 27, 41, 14,  6, 22, 11, 42, 11, 20, 12, 36, 47, 24, 41, 43, 44, 30, 12, 20, 44, 18, 37, 24, 22, 11,
    12, 40, 27, 37, 28, 18, 33, 46, 27, 35, 23, 15, 30, 40, 36, 26, 29, 18, 25, 37,  8, 40, 37,  8, 38, 24, 34, 13, 16, 12, 37, 36, 14, 27,
    26, 27, 34, 14, 29, 35, 20, 30, 25, 45, 46, 30, 27, 44, 28, 43, 37,  9, 13, 27, 42, 35, 12, 16, 21,  5, 46,  9, 28, 19, 31,  5, 41, 22,
    24, 12, 33, 24, 37,  9, 23, 41, 43, 12, 29, 19, 46, 28, 40, 25, 46, 22,  6, 15, 31, 16,  6, 44, 11, 27, 31, 41, 31, 42, 47, 45, 34, 38,
    12, 14, 19, 37, 43, 36, 40, 47, 45, 32, 34,  5, 22,  7, 28, 21, 45, 20, 31, 20, 11, 46, 47, 44, 16,  7, 22, 25, 23, 42,  8, 47,  7, 14,
    11, 37, 32,  8, 42, 19, 14, 27, 17, 25, 17, 11, 35, 10, 43, 18, 42, 38,  7,  9, 35, 27, 47, 11, 34, 32, 22, 35, 46, 17, 14, 42, 27, 38,
     9, 20, 39, 38, 41, 11, 19, 28, 20,  9, 30, 37, 17,  6, 31, 39, 33, 39,  5, 40, 10, 11, 43, 13, 42, 21, 44, 20, 18, 10, 34, 39, 37,  7,
    34, 14, 24, 37, 16, 41, 46, 17, 15, 17, 24, 33,  9, 40, 36, 16, 40, 19, 29,  5, 42, 46, 45, 19, 11, 44, 29, 16, 31, 16, 22,  5, 20, 18,
    11, 33,  9, 33, 43, 43, 25, 14, 46, 14, 30, 43, 46, 39, 18, 44, 39, 28, 27, 26, 38,  6, 10,  6,  7, 41,  7, 22, 35, 12, 44, 41,  5, 34,
    45, 33, 22, 26, 35, 18,  9, 27,  7, 16, 14, 33, 28, 47, 38, 15, 36, 22, 23, 42, 12, 31, 27, 44, 24, 23, 28, 21, 16, 14, 36, 27, 13,  5,
    42, 15, 13,  5, 47,  9, 19, 47, 19, 31, 46, 30, 19, 16, 32,  5, 40, 38, 10, 41, 25, 33, 17,  6, 47, 46, 42, 45, 27, 13, 21, 38, 16, 32,
    34, 34, 31, 37, 37, 23, 11, 36, 27, 40, 37, 21, 11, 12, 40,  6, 25, 20, 14, 16, 16, 25, 45, 26, 11, 44,  7, 17, 38, 42, 40, 27, 22, 26,
    26, 41, 31, 32, 39, 11,  7,  8, 18, 19, 33, 23, 35, 32, 13, 33,  5, 42, 34, 35, 16, 26, 32, 46, 16, 47, 37, 20, 21, 21, 43, 36, 36, 12,
    41, 34, 41, 16, 26,  6,  5, 33, 21, 23, 11, 10, 12, 27, 32, 17, 16,  8, 34, 17, 44, 32, 22, 41, 12,  9, 11, 45, 32, 39,  6, 46, 10, 33,
    18, 31, 38, 16, 11, 34, 40, 38, 42, 34, 17, 10, 27, 24, 37, 26, 23, 46, 14, 45, 23, 27, 47, 41],
   [14, 55, 47, 18, 14, 53, 38, 23, 10, 16, 12, 45, 57, 29, 13, 10, 32, 19, 55, 12, 33, 33, 43, 32, 55, 13, 29, 55, 24, 53, 52, 43, 53, 25,
    44, 38, 26, 56, 49, 54, 56, 48, 25, 11, 19, 24, 31, 38, 31, 32, 17, 34, 27, 54, 35, 33, 56, 30, 31, 12, 35, 39, 32, 27, 27, 57, 37, 37,
    24, 20, 16, 50, 29, 55, 15, 11, 53, 18, 27, 13, 33, 43, 24, 41,  9, 41, 17, 30, 17, 42, 44, 28, 39, 13, 26, 22, 50, 41, 31, 31, 33, 48,
    28, 20, 28, 14, 15, 27, 31, 37, 11, 39, 15, 17, 38, 29, 35, 54, 50, 20, 22, 24, 47, 36, 19, 38,  9, 57, 46, 16, 31, 52, 43, 50, 46, 24,
    50, 57, 20, 42, 36, 29, 26, 30, 12, 34, 20, 52, 10, 16, 56, 27, 10, 32, 15, 22, 12, 55, 31, 20, 11, 16, 55, 26, 23, 13, 28, 23, 43, 32,
    32, 47, 33, 38, 41, 23, 29, 15, 30, 22, 10, 27, 53, 41, 31, 24, 44, 50,  9, 18, 34, 32, 27, 25, 54, 14, 47, 44, 24, 11, 12, 50, 25, 52,
    10,  9, 32, 49, 33, 17, 24, 38, 56, 28, 38, 27, 37, 12, 18, 55, 34, 10, 55, 47, 53, 49, 41, 49, 57, 31, 14, 29, 37, 39, 19, 27,  9, 21,
    57, 33, 51, 53, 29, 21, 15, 48, 27, 28, 50, 23, 53, 43, 53, 36, 20, 43, 29, 53, 41, 55, 45, 10, 13, 45, 45, 49, 36, 54, 17, 37, 48, 44,
    38, 56, 13, 40, 16, 38, 27, 46, 46, 36, 14, 35, 11, 52, 21, 26,  9, 49, 18, 11, 30, 45, 35, 28, 23, 57, 26, 34, 23, 33, 35, 15, 36, 16,
    16, 28, 29, 18, 32, 42, 18, 34, 56, 26, 20, 50, 57, 18, 20, 25, 35, 43, 40, 36, 14, 46, 21, 30, 32, 34, 35, 34, 14, 37, 49, 35, 10, 22,
    51, 24, 31, 12, 18, 19, 24, 26, 46, 31, 51, 50, 56, 19, 24, 48, 20, 37, 11, 10, 36, 34, 47, 11, 21, 36, 57, 43, 27, 18, 30, 50, 30, 21,
     9, 27, 18, 20, 10, 34, 34, 56, 44, 21, 18, 34, 17, 12, 33, 57, 32, 44, 49,  9, 13, 29, 51, 47, 37, 10, 48, 39, 48, 45, 44, 55, 22, 11,
    14, 52, 49, 20, 18, 15, 37, 40, 57, 40, 33, 15, 26, 28, 20, 55, 26, 52, 38, 55, 27, 20, 51, 22, 44, 29, 14, 34, 35, 55, 13, 26, 18, 41,
    26, 15, 52, 28, 29, 47, 11, 47,  9, 31, 23, 52, 28, 15,  9, 54, 47, 12, 57, 37, 44, 41, 39, 53, 10, 56, 19, 41, 51, 41, 18, 45, 40, 34,
    17, 27, 56, 22, 13, 35, 55, 52, 53, 19, 38, 16, 28, 12, 29, 20, 24, 23, 30, 41, 13, 39, 38, 52],
   [28, 18, 15,  7, 43,  8, 12, 28, 41, 13, 40, 10, 13, 35, 34, 44,  6, 10, 24, 19, 25, 27, 29, 40, 21,  8, 16, 35, 18, 24, 30,  5, 13, 32,
    12, 24, 25, 23,  8, 43, 12, 12, 16, 13, 21, 26, 42, 25, 21, 22, 26, 16, 31, 36, 30, 20, 38, 22,  7, 25, 20, 10, 23, 34, 30, 14, 34,  9,
    33, 22, 20, 43, 43,  8, 38, 38, 43, 17, 35, 19, 36, 20, 28, 16, 22, 15, 23, 18, 10, 37, 44, 28, 31, 33, 33, 19, 25, 44, 16, 34, 41, 13,
    44, 28, 23, 27,  9, 38, 39, 26, 32, 30, 42, 27, 40, 42, 13, 15, 19, 40, 13,  9, 16, 31, 15, 33, 38, 21, 24,  7, 21, 30, 29, 26, 40, 14,
    10, 37, 25,  6, 40,  8, 34, 43, 44, 27,  9, 12, 31, 39, 15, 23, 38, 25, 17, 28, 20, 19, 43, 44, 41, 22, 39,  5, 31, 40,  9, 42,  5, 14,
    19, 31, 13, 35,  5, 12, 18, 41, 36, 40, 17, 40, 28, 37,  5, 20, 26, 11, 39, 36,  5, 37, 25, 28, 41, 25, 22, 12, 30,  8, 19,  9, 24, 33,
    12, 13, 27, 29, 10, 27, 27,  7, 12, 38, 19, 24, 17, 17, 42, 23,  7, 33, 23, 29,  5, 33, 36, 25,  9,  6, 36, 11, 12, 43, 26, 28, 12, 10,
    29, 30, 13, 21, 36, 17, 18, 19, 35, 31, 42, 43, 28, 24, 41, 26, 25, 26, 44,  5,  5, 28, 42, 16, 16, 23,  7, 36, 25, 38, 40, 24, 36,  5,
    19, 31, 12, 44, 41, 12, 31, 42, 33,  7, 41, 19, 43, 22, 10, 18,  9, 23,  9, 24, 28, 39, 22,  8, 25,  5, 10, 14, 39, 14, 11, 27, 42, 22,
    27, 31, 22,  5, 40, 26, 33, 38, 28, 18, 30, 28, 26, 10,  8, 34, 37, 31,  9, 12, 41, 30, 34, 10, 33, 31, 28, 41,  9, 18, 43, 17, 12,  9,
    13,  5, 23, 37, 24, 36, 39, 13, 44, 11, 25, 31, 19,  8, 42, 37, 19, 14, 12, 17, 23, 31,  9, 42, 25, 31, 39, 41, 21, 39, 31,  8, 34, 41,
    35, 24, 19, 44, 12, 37, 41, 28, 25, 39, 14, 27, 42, 17, 22,  5, 40, 34, 17, 35, 28, 41, 39, 23, 12,  6, 12, 10, 41, 11, 36,  5, 30, 22,
    17, 44, 39, 30, 12,  6, 10, 23,  6, 34, 31, 28, 33, 16, 32, 24, 32, 26, 14, 11, 19, 26, 22, 43, 44, 32,  9, 12,  5, 33, 36,  6, 30, 21,
    32, 32, 38, 29, 28, 13, 19, 16, 16, 24, 38, 24, 14, 25,  9,  7, 15, 40, 36, 25, 11, 31, 23, 42, 41, 17,  8, 22, 35,  5, 34, 32, 33,  9,
    25, 22, 36,  5, 17, 38, 35, 19, 31, 16, 36, 14, 20, 15, 19, 12, 33, 26, 14, 26, 25,  5, 34, 10],
   [39, 11, 22, 17, 39, 23, 33, 39, 25, 21, 18, 31, 17, 43, 29, 34, 34, 35, 36, 14, 13, 45, 40, 35, 39,  8, 24, 42, 41, 19, 24,  7, 15, 16,
    40, 35, 19, 42, 13, 40, 45, 43, 36, 28, 23, 25, 22, 26, 19, 45,  9, 21, 33,  9, 26, 41, 26, 30, 28, 19, 23, 37, 38, 26, 35, 45, 28, 16,
    30, 32, 45, 10, 12, 28, 41, 17, 42, 15, 45, 16, 22,  8, 36, 31, 14, 13, 27, 26, 40,  9, 11, 10, 36, 45, 39, 45, 14,  7, 23, 25,  9, 37,
    38, 34, 23, 41, 17, 37, 26, 40, 19, 12, 33,  8, 32, 45, 14, 10, 44, 36, 22, 20, 45, 16, 13, 13,  8, 25,  9, 24, 18, 21, 27, 39, 40,  7,
    33, 27, 34, 24, 44, 18, 45,  9, 10, 35, 14, 40, 43,  8, 21, 23, 43, 39, 11, 45, 14, 30, 33, 26, 28, 24, 45, 31, 15, 32, 30, 17, 38, 31,
    32, 13, 37, 28, 28, 25, 43, 29, 38, 24, 43, 45, 20, 23, 22, 18, 28, 34, 33, 20, 30,  7, 10, 28, 32, 30, 27,  7, 16, 35, 43, 33, 27,  8,
    24, 13, 22,  9, 15,  7, 38, 26, 28, 44, 12, 45, 20, 18, 31, 39, 12, 36, 23, 11, 44, 22, 39, 39, 23, 11, 13, 16, 45, 34, 16, 32, 43, 28,
    19, 30,  9,  9, 37, 29, 34, 22, 15, 15,  7, 24, 33, 20, 39, 20, 42, 21, 41, 25, 14, 18,  9, 20, 40, 27, 32, 25, 35, 24, 27, 15, 18,  9,
    20, 32, 45, 23, 25, 38, 29, 19, 32, 43, 20, 37, 39, 30,  8,  9, 30, 40, 18, 18, 38, 25, 33, 14, 24, 30, 15, 23,  7, 19,  9,  9,  7, 10,
    29, 41, 23, 13, 24, 41, 37, 12, 38, 28, 19, 22,  9, 36, 36, 32, 22, 26, 42, 22, 27, 34, 15, 18, 32, 42, 33, 42, 11, 42, 31, 31, 14, 23,
    21, 15, 21, 11, 29, 10, 32, 37, 33, 19, 11,  9, 20, 20, 19, 40, 27, 43, 28, 22,  7, 12, 17, 17, 17, 15, 38, 18, 32, 36, 24, 38, 12, 19,
    43, 13, 38, 30, 26, 33, 44, 11, 44,  7, 33, 28, 25, 19, 10, 11, 36,  9, 28, 30, 20, 20, 19,  8,  7, 42, 29, 23, 16, 28, 20, 25, 40, 42,
    41, 36, 14, 17, 36, 45, 36, 35, 29, 19, 31, 10, 45, 27, 21, 10, 39, 28, 37, 20, 22, 38, 34, 18, 34, 31, 31,  7, 39, 22, 10, 33, 17, 24,
    27, 27, 20, 40, 14, 44, 27, 24, 28, 16, 14,  9, 36, 34, 32, 33, 12, 36, 19, 13, 10, 32, 24, 16, 43, 17, 45, 45, 22, 39, 43,  9, 41, 27,
    12, 24,  9, 19, 27, 26, 41, 43, 24, 29, 34, 19, 39, 41, 37, 25, 18, 36, 12, 35, 12, 17, 17, 37],
   [38, 35, 24, 18, 13, 23, 24, 15, 43, 12, 19, 43, 45, 45, 10, 36, 21, 21, 18, 37, 26, 36, 15, 26, 20, 24, 22, 24, 17, 40, 19, 10, 37, 11,
    39, 20, 32, 40, 25, 40, 44, 18, 17, 12, 15, 42, 30, 45, 43, 15, 37, 36, 13, 16, 44, 35, 28, 10, 32,  9, 18,  9, 13, 13, 34, 41, 36, 31,
    33, 11, 32, 26, 45, 31,  9, 32, 33, 22, 37, 20, 35, 29, 28, 12, 40, 43, 22, 14, 42, 25, 40, 14, 14, 22, 43, 20, 38, 39, 31, 44, 46, 10,
    36, 40, 26, 28, 28, 37, 25, 12, 39, 10, 32, 45, 30, 28, 13, 42, 40,  9, 13, 22, 20, 21,  9, 33, 42, 22, 44, 13, 37, 46, 21, 14, 15, 24,
    20, 23,  9, 46, 20, 31, 15, 29, 47, 19, 10, 42, 17, 29, 13, 42, 46, 35, 36, 35, 44, 37, 11, 15, 15, 36, 38, 31, 28, 38, 33, 29, 43, 39,
    27, 41, 18, 25, 41, 14, 16, 34, 40, 34, 15, 12, 22, 16, 18, 23, 38, 22, 17, 28, 42, 46, 14, 18, 15, 43, 38,  8, 42,  8, 18, 29, 19, 34,
    22, 24,  8, 14, 14, 19, 38, 33, 19, 38, 14, 47, 30, 41, 31, 43, 37, 10, 36, 13, 42, 28, 27, 18, 12, 42, 23, 30, 31, 47,  9, 36, 18, 44,
    30, 26, 10, 34, 29, 41, 17, 43, 33, 11, 15, 13, 17, 28, 13, 45,  9, 45, 36, 33, 21, 32, 39, 37, 41, 26, 12, 13, 25, 43, 34, 39, 26, 34,
    22, 36, 28, 41,  9, 26, 31, 30, 44, 42, 46, 43,  9, 31, 23, 31, 11, 47, 29, 29, 47, 18, 21, 35, 29, 28, 17, 12, 28, 34, 44, 27, 23, 35,
    13, 32, 38, 13, 16, 41, 26, 14, 47, 47, 47, 34, 40, 36, 29, 44, 15, 21, 28, 37, 14, 30, 43, 20, 11, 10, 33, 14, 25, 23, 43, 20, 47, 27,
    11, 14, 10, 17, 33, 18, 35, 24, 20, 18, 17, 18, 21, 33, 29, 45, 44, 47, 12, 40, 28, 34, 16, 10,  8, 25, 40, 37, 19, 27, 15, 21, 18, 13,
    23, 12, 23, 15, 24, 40, 14, 44, 21, 25, 30, 15, 10, 10, 32, 29, 44, 33, 11, 37, 30, 19, 22, 20, 27, 39, 20, 42, 27, 39, 46, 47, 45, 11,
    28,  8, 23, 25,  9, 33, 13, 20, 37, 32, 10, 37, 22, 40, 21, 33, 21, 26, 11, 43, 36, 21, 10, 31, 40, 43, 25, 24, 23, 40,  9, 27, 36, 19,
    25, 45, 45, 16, 34, 12, 25, 29, 42, 28,  9, 23, 21, 24, 17, 17, 18, 20, 14, 37, 21, 10, 40, 44,  9, 44,  9,  8, 12, 19, 38, 16, 16,  9,
    38, 17, 44, 13, 12, 16, 34, 27, 17, 34, 40, 14, 41, 23, 45, 40,  8, 22,  9, 44, 27, 24, 19, 27],
   [46, 46, 48, 22, 38, 19, 38, 38, 29, 17, 45, 45, 25,  7, 11, 26, 37, 18, 42, 34, 19, 40, 25,  9, 28, 10, 44, 16, 33, 36, 22, 16, 20, 45,
    48, 18, 38, 38, 40, 10, 16, 45, 36, 10, 42, 25, 20, 31, 44, 43, 44, 16, 26, 35, 45, 43, 36, 10, 42, 36, 26, 30, 24, 17, 26, 13, 21, 13,
    30, 10, 24, 34, 18, 16, 18, 16, 22, 20, 42, 42, 46, 33, 34, 16, 38, 29, 17, 33, 16, 29, 18, 16, 19, 29, 11, 11,  8, 44, 30, 16, 17, 29,
     7, 25, 43, 25, 40, 19, 47, 33, 32, 24, 36, 31, 28, 46, 47, 33, 46, 43, 39, 40, 44, 16, 39, 21, 32, 38, 25, 38, 15, 47, 13, 35, 34, 19,
    43, 47, 20, 48, 33, 40, 12, 11, 31, 22, 18, 20, 30, 45, 12, 13, 18, 19, 30, 31, 42,  9, 44, 14, 18, 17, 12, 21, 21,  8, 17, 19, 43, 29,
    33, 40, 17, 23, 35, 15,  8, 17, 39, 12, 23, 28, 16, 27, 46, 29, 46, 43, 10, 48, 35, 47, 21,  9, 44, 35, 18, 12, 27, 21, 23, 31, 13, 28,
    13, 24, 35, 10, 25, 29, 17, 15, 20, 47, 25, 31, 38, 17, 36, 32, 24, 30, 29, 31,  9, 12, 32, 44, 17, 45, 26, 17, 47, 34, 43,  9, 30, 12,
    23, 20, 39, 25, 21, 24, 33, 43, 24, 16, 23, 48, 44, 45, 28, 19, 13, 14, 26, 47, 12, 15, 34, 35, 35, 16, 21, 29, 48, 18, 42, 38, 17, 44,
    20, 47, 12, 32, 22, 35, 34, 23, 15, 32, 38, 26, 45, 43, 32, 19, 38, 15, 27, 25, 25, 39, 11, 22, 16, 28, 31, 13, 32, 20, 13, 46, 25, 15,
    29, 15, 34, 13, 35, 44, 48, 45, 35, 47, 30, 17, 43,  9, 40,  9,  9, 43, 40, 16, 30, 17, 41, 32, 19, 43, 20, 13, 38, 21, 47, 25, 44, 24,
    34, 40, 32, 20, 16, 45, 14, 39, 29, 13, 40, 32, 41, 13, 38, 16, 28, 8, 39, 16, 32, 43, 37, 33, 12, 23, 22, 39, 14, 24, 18, 46, 29, 17,
    18, 47, 14, 42, 18, 30, 27, 36, 41, 30, 37, 47, 14, 15, 25, 28, 28, 14, 16, 26, 10, 26, 29, 27, 35, 44, 21, 21, 42, 25,  7, 32, 15, 27,
    43, 23, 38, 33, 44, 19, 40, 17, 26, 36, 35, 18, 14, 10, 46, 40, 38, 34, 17, 47, 31, 19, 37, 25, 41, 14, 24,  9,  9, 18, 21, 30, 33, 47,
    10,  8, 33, 45, 19, 41, 20, 40, 16, 27, 39, 17, 41,  8, 48, 43, 40, 11, 47,  9, 40, 22, 34, 39, 17, 41, 47, 40, 37, 35, 19, 37, 28, 21,
     9, 47, 44, 29, 19, 43, 21, 12, 37, 18,  7, 15, 41, 46, 44, 38, 15, 29, 35, 11, 25, 48, 32, 20],
   [40, 50,  4, 33,  5, 22, 40, 54, 12,  9, 51, 21, 47, 25, 50, 22, 38, 28, 13, 36, 43, 52,  5, 39, 52, 41, 26, 23,  4, 25, 40, 23, 43, 23,
    25, 39, 22, 22, 54, 13, 39, 23, 21, 33,  7, 48, 44,  4, 20,  4, 30, 28, 34, 17, 33, 15, 14, 26, 49, 40, 40,  9, 51, 39,  7, 52, 47, 32,
    46, 41, 27, 23, 18, 26, 19, 29, 20, 31, 34, 23, 44, 29, 16,  5, 22, 11, 19, 44, 12,  5, 51, 37, 44, 22, 25, 31, 44,  9, 50, 28,  8, 11,
    27, 49, 44, 12, 25, 46, 24, 51, 26, 38, 24, 47, 29, 27,  5, 28,  6, 51, 22,  6, 31, 48, 24, 38, 47, 42, 41, 41, 28, 23, 43, 22, 32, 12,
     8, 20, 41, 51, 36, 17, 32, 16,  6, 24, 37, 14, 11, 23, 37, 34, 11, 53,  6, 37, 34, 12, 42, 45,  5, 31, 17,  5, 37, 45, 45, 16, 10, 44,
    12, 36, 11, 48, 28, 51, 31, 17, 27, 47, 15, 28, 52, 41,  5, 54, 13, 12, 29, 28, 50, 53,  5, 45, 10, 21, 26, 20, 11, 53, 40, 20, 28, 15,
     4, 23, 31, 19, 53, 39, 15, 15, 21, 38, 48, 19, 54, 51,  7, 14,  6, 31,  6,  8, 37, 51, 28, 10,  5, 18, 28,  8, 41, 15, 31, 46, 20, 50,
    26, 54, 36, 28, 41, 31, 54, 23, 38, 51, 31, 50, 54, 51, 39, 17, 15,  4, 54, 51, 43, 54, 34, 24, 25, 31, 18, 50, 39, 11, 14,  4, 18, 47,
    47, 31, 38, 13, 30, 50, 45, 46, 30, 46,  5, 25, 50, 52, 31, 16,  5, 27, 50,  4, 11, 28, 24, 10, 19, 32, 28, 39, 12, 39, 47, 32,  6, 28,
    10, 13, 16, 33, 13, 34, 38, 32, 22, 37, 31, 51, 21, 11, 33, 31,  9,  4, 43, 28, 15, 43, 40,  5, 19, 15,  5, 45, 34, 29, 28, 20, 52,  7,
    35, 42,  4, 12, 47, 13, 32, 42, 20, 41, 17, 51, 16, 43, 40, 19, 34, 40, 42, 24, 43, 46, 20, 35, 12, 48, 13, 45, 44, 52, 37, 33, 52,  9,
     7, 34, 38, 51, 51, 29, 54, 48, 28, 22, 53, 47, 29, 25, 27, 22, 20, 53, 21, 18, 29, 32,  4, 24, 46, 46, 37, 48, 40, 28, 54, 47, 52, 29,
    38, 13, 10, 45, 39, 41, 24, 32, 35, 53, 15, 35, 38, 36, 25, 46, 27, 12, 10, 30, 18, 22,  8, 39, 29,  7, 17, 37, 53, 23, 45,  5, 49, 39,
    33, 20, 11,  4, 12, 51, 45, 22, 27, 41, 29, 50, 49,  4, 49, 44, 21, 13, 15, 45, 23, 44, 24, 20, 29, 33, 47, 54, 41, 52, 26, 42, 37, 40,
     9, 18, 43, 38, 46, 14, 51, 16, 12,  5, 37, 33, 43,  7, 49, 24, 18, 43, 31, 17,  5, 46, 48, 50],
   [32, 29, 29, 48, 40, 25, 24, 21, 25, 38, 20, 43, 34, 17, 10,  7, 32,  9, 11,  9, 10, 23, 35, 48, 22, 11, 47, 46, 29, 49, 40, 34, 35, 26,
    37, 28, 47, 32, 39, 20,  9, 16, 11, 10,  9, 45, 15, 49, 45, 20, 36, 12, 23, 24, 29, 18, 32,  9, 22, 34, 45, 48, 21, 49, 41, 31, 41, 23,
    18, 48, 16, 12, 27, 44, 48,  7, 32,  7, 42, 18, 34, 12, 10, 30, 29, 32, 48, 20, 20,  9, 13, 23, 42, 38, 39, 16, 21, 39, 34, 45, 10, 19,
    15, 15, 41, 27, 32, 44, 23, 15, 36, 29, 15, 34, 11, 37, 41, 24, 34, 17, 13, 44, 44, 10, 24, 26, 34, 27, 24,  8,  8, 25, 38, 34, 26, 34,
    46, 30, 32, 30, 24, 17, 29, 34, 32, 42, 12, 47, 32, 22, 28, 24, 22, 44, 13, 50, 32, 46, 15, 25, 46, 45, 26,  8, 48, 26, 19, 24, 41, 16,
    31,  7, 44, 15, 25, 30, 32, 34, 50, 37, 22, 14, 33, 45, 36, 18,  8, 15, 43, 41, 15, 38, 49, 19, 23,  8, 19, 50, 47, 20, 35, 47, 32, 37,
    18, 26, 22, 36,  9, 21, 20, 43, 17, 16, 17,  9, 41, 44, 26, 40,  9, 14, 40, 44, 36, 34, 44, 20,  7, 27, 27, 39, 28, 25, 50, 28, 48,  8,
    11, 25, 22, 10, 35, 20, 14, 25,  8, 34, 47, 37, 21, 50, 40, 37, 37, 21, 41, 45, 11, 43, 19, 20, 11, 29, 19, 23, 19, 42, 28, 25,  9, 13,
    25, 19, 28, 25, 42, 17, 11, 20, 47, 31, 38, 20, 39, 10, 42, 35, 34, 24, 16, 27, 41, 48, 45, 20, 39, 50, 35, 41, 50, 27, 44, 30, 31, 33,
    48, 33,  7,  8, 25, 20, 13, 13, 24, 45, 33, 20, 43, 29, 20, 15, 49, 43, 20, 22, 13, 42, 13, 48, 36, 50, 40, 18, 15, 31, 29, 34, 33, 42,
    23, 26, 20, 31, 18, 29, 21, 38, 37, 25, 46, 47,  7, 16, 40, 41, 17, 49, 26, 50, 35, 45, 50, 32, 22, 49, 14, 24, 31, 31, 20, 37, 36, 34,
    13, 27, 30, 21, 38, 39, 13, 18, 24,  7, 17, 24, 25, 37, 25, 23, 22, 33, 48, 10,  8, 15, 19, 18, 25, 14, 39, 19, 29,  7, 41, 39,  7, 21,
    11, 18, 17, 15,  9,  7, 10, 17, 38, 49, 38, 42, 40,  8, 33, 31, 26,  9, 14, 41, 14, 15, 21, 28, 23, 14, 22, 35, 17, 30, 36, 20, 44, 15,
    20, 31,  8, 26, 26, 27, 29, 34, 13, 31, 36, 43, 27, 26, 48, 29,  8,  7, 21, 10, 43, 43, 22, 30, 29, 39, 25, 32, 31, 25, 44, 48, 25, 18,
    14, 44, 37, 22, 42, 34, 18, 45, 12, 25, 20, 23, 16, 47, 18, 34, 50, 10, 13, 18, 27, 20, 20, 18],
   [32, 41, 27, 30, 24, 34, 10, 42, 35, 42, 45, 44, 42, 30, 30, 32, 40, 42, 33, 38, 45, 39, 41, 10, 45, 21, 27, 16, 23, 19, 34, 21, 20, 14,
    35, 24, 15, 44, 26, 44, 23, 26, 10, 35, 24, 13, 29, 25, 23, 25, 32, 20, 27, 25, 34, 11, 15, 37, 41, 33, 27, 10, 25, 40, 27, 10, 43, 37,
    14, 41, 28, 13, 43, 16, 40, 23, 13, 13, 40, 10, 24, 21, 21, 35, 44, 36, 21, 24, 34, 14, 20, 42, 19, 30, 39, 19, 21, 10, 40, 35, 46, 41,
    33, 24, 27, 10, 35, 44, 31, 19, 19, 26, 14, 31, 16, 18, 39, 11, 30, 46, 16, 11, 30, 30, 23, 25, 11, 39, 35, 45, 17, 22, 28, 25, 18, 27,
    29, 30, 46, 38, 24, 28, 20, 14, 17, 15, 16, 11, 26, 10, 37, 30, 40, 20, 10, 44, 27, 45, 22, 35, 44, 32, 43, 20, 41, 14, 31, 16, 10, 18,
    25, 40, 15, 39, 42, 34, 27, 32, 34, 32, 22, 11, 14, 28, 40, 16, 12, 34, 13, 44, 24, 33, 30, 31, 18, 17, 38, 38, 26, 39, 42, 13, 34, 42,
    35, 15, 10, 18, 27, 41, 16, 24, 15, 30, 25, 30, 20, 27, 21, 22, 10, 43, 24, 18, 40, 38, 39, 10, 25, 16, 36, 30, 23, 39, 43, 46, 36, 24,
    19, 27, 41, 36, 31, 12, 35, 11, 40, 10, 38, 27, 39, 39, 46, 17, 42, 46, 42, 32, 13, 17, 10, 24, 31, 18, 20, 12, 20, 38, 27, 22, 31, 41,
    38, 24, 46, 14, 17, 18, 34, 35, 20, 27, 38, 43, 41, 17, 28, 44, 21, 18, 38, 30, 26, 17, 20, 40, 23, 36, 23, 45, 19, 10, 13, 36, 21, 10,
    41, 23, 34, 23, 44, 30, 21, 10, 26, 45, 23, 36, 40, 46, 10, 32, 37, 35, 30, 33, 35, 10, 11, 14, 27, 27, 14, 38, 31, 25, 17, 25, 32, 30,
    20, 44, 12, 26, 16, 31, 19, 33, 26, 45, 23, 38, 11, 45, 13, 16, 11, 37, 13, 22, 39, 31, 22, 37, 34, 45, 10, 42, 13, 28, 28, 29, 27, 34,
    29, 13, 36, 18, 44, 42, 40, 23, 10, 14, 28, 14, 41, 32, 30, 35, 35, 33, 15, 43, 39, 25, 25, 23, 12, 14, 30, 28, 13, 12, 13, 25, 19, 13,
    29, 13, 39, 25, 24, 34, 25, 29, 31, 14, 14, 44, 29, 32, 28, 10, 46, 34, 12, 42, 36, 15, 43, 27, 15, 25, 17, 46, 37, 18, 18, 20, 15, 15,
    31, 29, 36, 18, 36, 33, 23, 12, 15, 40, 22, 37, 15, 10, 25, 37, 46, 32, 28, 35, 19, 14, 21, 24, 25, 30, 24, 43, 39, 25, 24, 28, 33, 24,
    20, 44, 18, 22, 42, 30, 18, 14, 21, 37, 12, 38, 20, 40, 34, 13, 18, 43, 24, 39, 15, 23, 41, 27],
   [39,  7, 26, 38, 36, 28, 32, 42, 27, 33, 12, 42, 15, 34, 26, 21, 20, 41, 13,  7, 25, 35, 14,  6, 33, 32, 20, 24, 32, 12, 10, 10, 42, 12,
    21,  9, 19, 32, 10, 18, 38, 22,  9, 38,  8, 37, 23, 17, 15, 44,  6, 33, 36, 25,  6, 36, 19, 21, 27, 34, 33, 42, 13, 11, 33, 12, 32, 30,
    41, 20, 29, 26, 21, 34, 18, 27, 19, 39, 37, 32, 44, 40,  6, 23, 14, 20, 17, 35,  9, 36, 15, 39, 37, 36, 24, 16, 27, 14,  8, 11, 38, 33,
    35, 42, 28, 43, 15, 32,  9,  7,  9, 31, 35, 24, 18, 18, 25, 29, 41, 30, 27, 38, 37, 31, 18, 23, 16, 10, 13, 27,  7,  9, 11, 28, 11, 14,
    24, 25, 25, 34, 23,  7, 12, 31,  7, 21, 17, 30, 37, 12, 31, 10, 17, 41, 17, 18, 10, 17, 16, 14, 10, 19,  9, 17,  6, 24, 37, 26, 22, 22,
     6, 35, 28,  7, 17,  7, 19,  8, 10, 32, 30, 27, 35, 39, 16, 19, 38, 26, 15, 43, 16,  9, 34, 41, 41, 19, 23, 31,  8, 11, 15, 29,  7, 21,
    18, 36, 18, 12, 31, 37, 23, 33, 24, 22, 17, 33, 33, 11, 29, 34, 15, 44, 24, 34,  6,  7, 30, 11, 30, 41, 27, 40, 18, 16, 14, 13, 28, 11,
    19, 42, 12, 39, 14, 39, 32, 21, 34,  7, 11,  7, 22, 36, 21, 16, 16, 35, 18, 11, 35, 22, 42, 17, 36, 31, 32, 32, 26, 12, 15, 32, 18,  7,
    11, 28, 25, 41, 41, 25, 16, 36, 11, 24, 18, 15,  6, 25,  9, 44,  9, 43, 12, 40, 23, 22, 39, 11, 17, 37, 20, 44, 40, 37, 33, 15, 15, 44,
    43, 12, 42, 17, 37, 29, 36, 32, 28, 21, 33,  9, 21, 17, 20, 11, 17, 34, 27,  9,  7, 33, 33, 35, 15, 23, 19, 31, 21, 36, 40, 41,  7, 19,
     6, 25, 34, 38, 33, 37, 26,  6, 14, 44, 21, 16, 22, 37,  9, 13, 43,  7, 18, 13, 33, 27, 20,  8, 36, 40,  9, 32, 13, 29, 41, 24, 43, 16,
    29, 24, 41, 40, 30,  9, 29, 43, 10, 38, 19, 44, 18, 13, 22,  6, 12, 35, 12, 14, 33, 29, 36, 29,  9, 36, 13, 42, 25, 31, 30, 12, 28, 36,
    43, 27, 11, 28, 15, 27, 44, 21, 15,  7,  6, 35, 43, 15, 38,  9, 13, 10, 33, 43, 33, 28, 31, 15, 39, 27, 24, 42, 11, 31, 12,  9, 23, 13,
    36, 23, 30, 44, 10, 35, 13, 44, 14, 20, 11, 32, 40, 12, 38, 15, 19, 13, 13, 19,  8,  9, 34, 43, 10, 35, 23, 19, 31,  8, 30, 29, 20, 14,
    21, 26, 30, 31, 26, 34, 27, 18, 10, 20, 37, 40, 42, 26, 32, 22, 14, 42, 32, 14, 43, 38, 25, 21],
   [13, 27, 31, 13, 48, 43, 43, 19, 33, 33, 32, 14, 50, 47, 20, 49, 25, 12, 35, 14, 19, 42, 46, 37, 11, 14, 16, 22, 27, 49, 25, 14, 25, 26,
    25, 50, 14, 31, 49, 41, 18, 10, 16, 47, 27, 14, 23, 37, 37, 14, 41, 47, 40, 34, 48, 49, 43, 33, 35, 25, 45, 18, 45, 38, 11, 33, 27, 14,
    27, 21, 23, 49, 51, 51, 47, 12, 17, 14, 35, 50, 28, 43, 47, 11, 40, 40, 18, 35, 19, 37, 23, 20, 15, 23, 29, 48, 40, 28,  9, 33, 20, 38,
    36, 48, 35, 45, 30, 47, 43,  9, 40, 24, 49, 19, 29, 43, 51, 37, 15, 17, 50, 33, 48, 16, 17, 19, 41, 14, 31, 34, 40, 38, 11, 16, 39, 46,
    45, 29, 51, 25, 46, 43, 24, 25, 43, 45, 38, 46, 36, 25, 25, 29, 51, 37, 34, 29, 28, 18, 45, 40, 27, 19, 44, 14, 23, 40, 16, 44, 46, 27,
    31, 24, 10, 48, 50, 20, 36, 32, 21, 14, 36, 36, 32, 21, 50, 16, 17, 17, 21, 29, 22, 22, 45, 26, 34, 44, 18, 15, 13, 43, 45, 41, 10, 17,
    11, 51, 32, 48, 31, 40, 44, 12, 15, 46, 43, 19, 51, 24, 21, 31, 27, 26, 21, 22, 10, 19, 49, 12, 42, 36, 37, 33, 28, 38, 11, 41, 41, 31,
    12, 31, 13, 48, 32, 33, 16, 23, 26, 34, 13, 51, 36, 20, 34, 28, 38, 19, 49, 29, 31, 43, 36, 27, 38, 12, 44, 42, 23, 12, 43, 47, 51, 18,
    26, 22, 25, 49, 27, 36, 16, 10, 48, 13, 47, 13, 40, 26, 38, 22, 26, 41, 13, 46, 28, 10, 24, 36, 22,  9, 11, 17, 10, 19, 22, 41, 38, 34,
    35, 20, 35, 19, 39, 20, 18, 44, 49, 29, 27, 47, 10, 34, 29, 25, 35, 50, 22, 48, 43, 16, 39, 14, 35, 41, 19, 37, 30, 20, 15, 25, 46, 45,
    25, 43, 51, 45, 26, 40, 50, 43, 28, 35, 32, 25, 21, 13, 19, 24, 14, 34, 49, 39, 50, 21, 44, 18, 32, 25, 38, 41, 22, 44, 48, 38, 16, 31,
    45, 37, 12, 30, 50, 33, 27, 26, 12, 16, 25, 47, 49, 18, 18, 51, 13, 32, 44, 17, 36, 41, 10, 47, 39, 36, 18, 18, 44, 16,  9, 20, 51, 15,
    48, 40, 10, 26, 46, 40, 18, 49, 38, 42, 23, 46, 49, 41, 10, 29, 47, 41, 21, 20, 26, 29, 18, 46, 43, 45, 51, 38,  9, 48,  9, 50, 26, 36,
    27, 47, 19, 34, 13, 31, 31, 51, 45, 21, 43, 41, 16, 10, 16, 32,  9, 15, 22, 24, 34, 39, 39, 45, 11, 36, 50, 11, 48, 40, 49, 19, 45, 44,
    29, 34, 42, 23, 37, 41, 49, 10, 38, 51, 20, 10, 22, 42, 32, 30, 21, 35, 26, 24, 51, 51, 25, 51],
   [36, 39, 29, 37, 19, 16, 35, 18, 17, 11, 17, 29, 26, 20, 33, 39, 23, 29, 27, 19, 33, 25, 23, 37, 30, 20, 37, 13, 16, 14, 42, 34, 34, 32,
    24, 10, 29, 11, 25, 13, 18, 11, 14, 17, 15, 25, 34, 12, 22, 16, 27, 14, 31, 36, 14, 36, 32, 18, 14, 29, 13, 27, 29, 15, 37, 27, 17, 15,
    14, 33, 42, 42, 24, 35, 29, 28, 28, 24, 14, 42, 20, 20, 19, 32, 23, 28, 24, 23, 23, 18, 10, 15, 14, 31, 29, 11, 37, 14, 24, 40, 15, 35,
    31, 31, 42, 29, 37, 38, 14, 25, 13, 41, 27, 21, 19, 31, 23, 15, 39, 30, 42, 17, 21, 38, 17, 11, 28, 36, 31, 26, 21, 23, 33, 29, 35, 36,
    13, 25, 16, 40, 14, 20, 20, 14, 33, 23, 36, 39, 41, 39, 14, 30, 22, 16, 19, 24, 42, 16, 40, 31, 31, 22, 15, 13, 31, 27, 25, 36, 15, 28,
    11, 31, 21, 26, 42, 42, 23, 31, 16, 21, 16, 35, 33, 39, 14, 31, 38, 18, 15, 30, 15, 10, 34, 11, 11, 16, 24, 18, 18, 16, 25, 36, 20, 10,
    42, 12, 13, 25, 11, 34, 21, 36, 19, 32, 24, 38, 16, 16, 30, 13, 13, 42, 33, 13, 13, 26, 17, 20, 26, 29, 13, 17, 12, 20, 29, 28, 42, 30,
    38, 29, 31, 26, 20, 40, 31, 38, 10, 39, 22, 17, 19, 28, 29, 36, 32, 30, 19, 38, 32, 42, 15, 24, 28, 22, 10, 41, 21, 21, 40, 12, 25, 37,
    10, 36, 35, 25, 13, 13, 28, 18, 37, 32, 30, 27, 31, 18, 15, 26, 15, 14, 17, 33, 16, 37, 37, 12, 41, 38, 14, 16, 33, 36, 11, 14, 30, 32,
    18, 36, 14, 25, 13, 22, 25, 16, 17, 13, 38, 41, 12, 36, 39, 10, 21, 23, 37, 22, 16, 17, 23, 16, 12, 27, 39, 37, 40, 17, 42, 28, 41, 38,
    29, 14, 31, 15, 32, 42, 22, 27, 41, 37, 15, 21, 25, 26, 27, 39, 36, 24, 39, 21, 17, 39, 10, 15, 19, 19, 38, 27, 16, 26, 32, 11, 19, 34,
    33, 26, 42, 33, 25, 32, 12, 29, 19, 14, 18, 28, 11, 10, 11, 26, 17, 15, 30, 16, 10, 18, 34, 25, 37, 36, 11, 18, 39, 34, 35, 38, 33, 38,
    11, 23, 11, 14, 29, 18, 28, 10, 17, 17, 15, 15, 30, 32, 17, 36, 15, 17, 33, 36, 15, 19, 19, 31, 37, 27, 37, 20, 26, 22, 27, 35, 42, 39,
    22, 24, 23, 34, 37, 42, 26, 37, 28, 23, 21, 13, 29, 11, 15, 40, 13, 10, 36, 35, 27, 16, 41, 10, 31, 11, 22, 24, 35, 16, 41, 19, 35, 10,
    13, 28, 40, 25, 23, 22, 40, 42, 41, 37, 19, 32, 30, 30, 20, 36, 29, 20, 18, 36, 35, 16, 15, 32],
   [18, 42, 25, 24, 42, 40, 36, 14, 37, 34, 40, 21, 21, 29, 36,  6, 33, 29, 43, 30, 25, 11,  4, 38, 18, 42, 26, 26, 11,  4, 37,  6, 10, 36,
    10, 39, 43, 14, 11, 22, 44, 18, 46, 13, 43, 14, 31, 26, 33, 19, 21, 15, 45, 14,  7, 31,  8, 33, 14, 13, 13, 16, 38, 21, 33, 10, 40, 37,
    26, 10, 32,  4, 18, 13, 32, 18, 11, 39, 44, 24,  6, 38, 25, 33, 17, 27, 42, 11, 44, 28, 31, 46, 15, 27, 18, 44, 33, 27, 27, 32, 41, 25,
    43,  9, 40, 33, 14, 11, 27, 39, 22, 24, 43,  7, 32, 13, 21, 20, 38, 15,  5,  6, 28, 23, 31, 34,  6, 45, 21, 24,  7, 36, 12, 13, 41, 37,
    37, 40,  6, 14, 16, 38, 23, 36, 28, 37, 30, 38,  6, 11, 14, 43, 20,  7, 23, 38, 38, 24, 41, 22, 21, 42, 12, 21, 10, 36,  7, 19, 26, 39,
    39, 41,  6, 31, 25, 42, 34, 37,  9, 42, 10, 21, 28, 32, 35, 46, 31, 32, 40, 38, 26,  4,  7, 12, 41, 26,  5, 25, 44, 18, 25, 23, 24, 44,
    27,  8,  5, 11, 12, 28, 15,  8, 27, 32, 40, 46, 40, 24, 22, 36, 27, 32, 39, 36, 30, 23, 30,  8, 30, 32, 32, 38, 45, 30, 33, 13,  5,  7,
    19, 40, 20,  7, 25, 14, 15, 20, 16, 11, 11, 13, 40, 27, 27, 35,  6, 24, 13, 39, 21, 44, 10, 18, 24, 18, 30, 24, 31, 22, 41, 38, 43,  6,
    18, 21, 29, 40,  6, 14, 46, 36, 29, 44, 19, 46,  6, 17, 40, 12, 36,  7, 15, 25, 35,  5, 36, 10, 21, 17, 24, 31, 32, 23, 30, 19, 11, 21,
    38, 20, 29, 15, 40, 35,  9,  6, 11, 45, 37, 14, 33, 20, 27, 39, 27, 32, 35, 26,  9, 16,  6,  8,  4, 18, 20, 36,  4, 31, 27, 26,  9, 15,
    12, 11, 24, 26, 29, 43, 29, 18, 25, 42, 37, 45,  5, 24, 45, 26, 44, 38, 30,  5, 16, 28, 10, 30, 26, 12, 19, 46,  6, 37, 16,  9, 30, 16,
    23, 30, 43, 37, 35, 26, 22, 26, 38,  7, 45, 40,  6, 12, 11, 45, 33, 19, 16,  8, 25, 27, 13, 12, 39, 33, 11, 45, 27,  4, 32, 16, 21, 13,
    46, 18, 32,  6, 42, 41, 43,  8, 26, 28, 45,  5, 33, 21, 29,  6, 42,  7, 32, 24, 22, 31, 17, 29, 22, 21, 14,  7,  7, 28, 24,  8, 22, 32,
     5,  7, 20, 24, 46,  7, 14, 43,  7, 13, 45, 38, 17, 46,  5, 23,  5, 31, 30, 32, 38, 29, 44, 30, 43, 28, 29, 34, 19, 43,  5, 34, 21, 34,
    27, 37, 19, 20, 44, 29, 19, 41, 18, 29,  8, 46,  7, 27,  8, 43, 27, 33, 37, 29, 44, 19, 27, 24]]
W=[ 8222, 12613, 11818, 12429,  9553, 11298, 10156, 10342, 12381, 10262,  9831, 10188, 13916,  8610, 10141]
P=[V,R,W]

Mejor solución encontrada:
[1, 1, 1, 1, 1, 1, 1, 1, 1, 1, 1, 1, 1, 1, 1, 1, 1, 0, 0, 1, 1, 1, 1, 0, 1, 0, 0, 1, 1, 1, 0, 1, 0, 1, 0, 1, 1, 1, 1, 1, 1, 1, 1, 0,
 1, 0, 1, 0, 1, 1, 0, 1, 1, 0, 1, 1, 0, 0, 1, 0, 1, 1, 1, 1, 1, 1, 1, 1, 1, 0, 1, 0, 0, 1, 1, 1, 1, 1, 1, 1, 0, 0, 1, 1, 1, 1, 0, 0,
 0, 1, 1, 1, 1, 1, 1, 1, 1, 0, 1, 1, 1, 0, 0, 1, 0, 1, 1, 1, 1, 0, 1, 0, 1, 0, 0, 0, 1, 1, 0, 0, 1, 1, 1, 0, 1, 1, 1, 0, 0, 1, 0, 0,
 1, 1, 1, 0, 1, 1, 1, 1, 1, 1, 1, 0, 1, 0, 0, 0, 0, 1, 1, 0, 1, 1, 1, 1, 0, 1, 1, 1, 1, 1, 1, 1, 0, 1, 0, 1, 1, 0, 1, 1, 1, 0, 0, 0,
 1, 1, 1, 1, 1, 1, 0, 1, 1, 0, 1, 1, 0, 0, 1, 0, 0, 1, 1, 1, 1, 1, 1, 1, 1, 1, 1, 1, 0, 1, 0, 1, 1, 0, 1, 1, 1, 1, 0, 1, 1, 0, 1, 1,
 1, 0, 0, 1, 0, 0, 1, 0, 0, 1, 1, 0, 1, 1, 1, 0, 1, 1, 1, 1, 1, 1, 1, 1, 1, 1, 1, 1, 1, 0, 1, 1, 1, 0, 0, 1, 1, 1, 1, 1, 1, 1, 0, 0,
 1, 1, 1, 1, 1, 1, 1, 1, 1, 0, 1, 1, 1, 1, 0, 1, 1, 0, 0, 1, 0, 1, 1, 0, 0, 1, 1, 1, 1, 1, 1, 0, 0, 1, 1, 1, 1, 0, 1, 1, 0, 1, 1, 1,
 1, 0, 1, 1, 0, 1, 1, 1, 1, 0, 1, 1, 1, 1, 1, 1, 1, 1, 0, 1, 1, 0, 0, 1, 1, 0, 0, 1, 1, 0, 0, 1, 0, 1, 0, 0, 1, 1, 1, 1, 0, 1, 1, 1,
 0, 0, 1, 1, 0, 1, 0, 1, 0, 1, 1, 0, 1, 1, 1, 1, 0, 0, 1, 1, 1, 1, 1, 1, 0, 0, 0, 1, 1, 0, 1, 1, 1, 1, 1, 1, 1, 1, 1, 1, 1, 1, 1, 1,
 1, 1, 0, 1, 1, 1, 1, 0, 1, 0, 1, 1, 1, 1, 1, 1, 1, 1, 0, 1, 1, 1, 1, 0, 1, 0, 1, 0, 1, 1, 1, 1, 1, 1, 0, 1, 1, 1, 1, 1, 1, 0, 1, 1,
 0, 1, 1, 1, 0, 1, 1, 1, 1, 0, 1, 0, 1, 1, 1, 1, 1, 0, 1, 1, 1, 1, 1, 1, 0, 1, 1, 0, 0, 1, 0, 1, 1, 1, 1, 0, 1, 0, 1, 1, 1, 1, 1, 1,
 0, 0, 1, 0, 1, 1, 1, 0, 1, 1, 0, 1, 0, 1, 1, 0]

Valor Óptimo generado:
21602