MKP con n=1000 y m=20
V=[ 32, 137,  20,  22, 105,  68,  65,  17,  25, 105,  56,  46,  13,  35,  29,  12,  25, 114,   9,  16,  57,  24,  47,  24,  40, 141,
    29,  10,  85,  24,  40,  18,  96,  56,  68,  50,  59,  17,  50,  28,  23,  32,  22,  13,  56,  12,  97,  27, 103,  29,  39,   6,
    28,  53,  64,  90,  12,  11,  33,  44,  25,  66,  14,  23,   6,  57, 112,  10,  24,  16,  29,  23,  16,  63,  29,  15,   3,  48,
    57,  58,  85,  16,  14, 105, 121,  16,  17,  34,  66,  11,  33,  18, 103, 108,  32,  87,  28,  23, 128, 103,  40,  64,  46,  32,
    23,  64,  14, 106,  11,  33,  27,  10,  56,  14,  13,  47,  80,  21,  68,  47,  93,  79,  40,   9,  62,  68,  67,  17,  33,  63,
   134,  20, 133,  63,  15,  31,  37,  56,  35,  40,  89,  47,  94,  38, 116,  25,  60,  27,  20,  27,  31,  80, 115,  80,  81,  87,
    22,  37,  55,  35, 139,  60, 105,  65,  48, 103,  52,  20,  54,  54, 107,  26,  63,  39,  66,  73,  55,  37,  35,  53,  10,  56,
    45,  74,  24,  72,  24,  72,  69,  30,  63,  73,  13, 136,  59,  81,  25,  10,  71,   9, 135,  67,  18,  72,  94,  45,  35,   3,
    50,  23,  49,  59,  66,  44,  63,  78,   8,  56,  88,  37,  95,  95,  26,  34,  59,  28,  13,  12, 112,  35,  68, 105,  17,  64,
    74,  15,  49,  68,  77,  74,  10,   8,   8, 118,  34,  49,  30,  26,  30,  35,  12,  19,  30,  50,  58,  10,  22,  87,  11,  67,
    25,  29,  65,  12,  50,  48,  62,  51,  24,  28,  26,  15,  12,  23,  51,  40,  43, 117,  48,  18,   3,  16,   4,  54,  42,  26,
    62, 142,  28,  11,  46,  28,  17,  84, 109,  59,   8,  28, 136,  79,  12, 118,  25,  55, 108,  17,  65,  11,  68,  17, 116,  45,
     6,  18,  65,  67,  24,  12,  51, 116,   8,  24,  95,  24,   5,  44, 113,  87,  63,  17,  42,  17,  72,  32,  38,  44,  56,  81,
    38,  59,  14,  43,  42,  64,  52,  86,  17,  16,  59,  63,  14,  94, 106,  16,  12,  99,  44,  31, 100,  12,  45,  25,  21,  12,
    13,  29,  10,  29,  67,  67,  74,  69,  11,  20, 130,  98,  76,  24,  96,   7,  14,  35,  24,  10,  89,  66,  43,  23,  32,  99,
    45,  23,  99,  34,   9,  15,  65,  33,  12,  34,  57,  44,  18,  42,  15, 145,  74,  50,  73, 132,  64,  35,  13,  48,  11,  52,
    64,  62,  24,  35,  22, 102,  91,  35, 120,  32,  38, 116,  57, 141, 102,  40,  22,  50, 107,  16,  48,  79,  27,  21,  26,   7,
    50,  49,   8,  31,   6,  90,  49,  20,  49,  17,  21,  49,  60,  21,  65, 111,  36,  78,   6,  54,  31,  22,  30,  44,  92,  20,
    20,  23,  72,  30,  54,  18,  17,  21,  62,  36, 102,  40,  82,  37,  45,  38,  39, 109, 112,  47,   3,  13,  91,  27,  53,  18,
    34,  14,  29,  11,  81,  53,  44,  54,  53,  66,  66,  39,  34,   6,  22,  40,  98,  23,  16,   4,  41,   6,  40,  60,  27,  88,
     8,   5, 105,  43,  95,  11,  26,  30,  32,  71,  54,  23,  26,  59, 125,  23,  92,  14,   8,  40,   4,  47,  24,  70,  29,  34,
    35,  67,  79,  15,  41,  95,  56,  32,  59,  44,  43,  50,  24,  99,   8,  65,  18,  83,  45,  29,  41,  63,  70,  43,  30,  56,
    21,   6,  65,  25,   7,   8,  34,  89,  16,  13,   6, 156,  96,  30,  43, 131,  39,  86,  33,   9,  17,  51,  37,  50, 103,  30,
    28,  34,  65,  60,  38,  44,  38,  63,  11,  20,  58,  71,  75,  10,  61,  65,  69,   9,  23,  77,  88, 158, 128,  93,  57,  67,
    34,  53,  35,  33,   8,  46,  58,  40,  64,  50,  64,  64,  18, 106, 110,  53,  78,  65,  43,  55,  48,  65,  64, 106,  10,  52,
   104,  24,  15,  42,  69,  19,  27, 103,  26,  33,  65,  46,  67,  56,  40,  39,  33, 119,  92,  70,  47,  16,   9,  21,  57, 147,
    47,  64,  15,  44,  63,  31,  51,  49,  16,  30, 110,  48,  50,  31,  26,  17,  37,  60,  48,  37,  73,  27,  36,  74,  48, 121,
     6,  18,  13,  95,  12,  27,  84,  65,  53,  70,  33,  26,  17,   9,   5,  20,  15,  68,  48,  43,  16,   5, 108,  61,  65,  37,
    23,  46,  17,  10,  31,  73,  11,   8,  15,  43,  54,  56,  63, 101,   7,  56,  28,  71,  36,  41,  15,  92,  30, 143,  31,  31,
    78,  44,  12,  33,  19,  39,  69, 109,  33,  77,  26,  47,  30,  73,  74, 116,  28,  40,  38,  31,  14,  41,  51,  32,  49,  31,
    18,  38,  25,  22,  34,  45,  76, 102,  58,  43,  16,  54,  37,  35, 102,  51,  65,  19, 123,  37,  56,  89,  57,  90,  41,  58,
   102,  70, 120,  27,  60,  97,  11,  77,  83,  12,  18,  31,  19,  21,  52,  21,  30,  42, 116,  53, 108,  13, 100,  92,  17,  64,
    60,  60,  43,  47,  17,  60,  56, 139,  18,  70,  25, 115,  31,  58,  58,  66,  88,  95,  29,  24,  25,  66,  44,  80,   9,  79,
    28, 126,  79,   7,  39,   6,  10,  22,  83, 127,  97,  45, 137,  43,  82,  56, 115,  73,  29,  89,  92, 150, 108, 125,  94,  11,
    13,  86,  68,  86,  58,  34,  61,  83,  17,  32,  11,  41,   9,  16,  75,  36,  38,  20,  69,  10,  86, 150,  70,  46,  10,  25,
   102,  23,  13,  89,  61,  61,  46,  48,  86,  10,  11,  15,  45,  36,  22,  31,  13,  10,  27,  30,  18,  32,  36,  82,  41,  21,
    81,  25,  39,  50,  80,  18,  23,  82,  72,  56,  25,   7, 159,  90, 116,  92,  13,  44,  61,  57,  62,  26, 132,  72,  39,  10,
   122,  41,  52,  16,  17,  54,  20,  70,  18,  14,  95,  35,  67,  51,   5,  14,  55,  35,  48,  50,  36,  63, 127,  72,  31,   6,
    32,  30,  70,  43,  74,  53,  73,  18,  23,  22,  78,  89]
R=[[15, 15, 47, 23, 24, 22,  8, 25, 36, 13, 14, 48, 44, 29, 10, 41, 27, 14,  7, 44, 22, 24,  7, 33,  6, 19, 35, 32, 38,  6, 37, 24, 11, 26,
    28, 12,  6, 51, 16, 35, 46, 11, 28, 22, 33, 33, 27,  8, 13, 28, 18, 29, 22, 38, 22, 42, 16, 33, 18, 40, 45, 22, 16, 17, 26, 24, 12, 26,
    45, 25, 36, 44, 42, 49, 36, 16, 51, 34, 50, 14, 21, 36, 46, 43, 10, 19, 45, 30, 13, 12, 12, 31, 29, 45, 49, 49, 45, 15, 39, 15, 10,  7,
    40, 44, 11, 29, 20,  7, 41, 28, 19, 34, 25, 25, 31, 37, 14, 30, 22, 22, 33, 21, 35, 24, 46, 42, 27, 24, 24, 47, 45, 11, 28,  6, 30, 48,
    37,  9, 28, 32, 46, 51, 22, 39, 44, 47, 16, 22, 50, 32, 22, 47, 49, 25, 39, 25, 11, 22, 21, 48, 41, 41, 22, 15, 43,  9, 42,  9, 19, 51,
    50,  6, 14, 51, 15, 37, 25, 37, 34, 38, 27, 22, 20, 10, 26, 38, 46, 42, 20, 19, 50, 33, 39, 35, 15, 39, 43, 51, 44, 17, 29, 46, 28, 30,
    46, 40, 19, 32, 49, 49, 47, 19, 37, 31, 12,  7, 26, 23, 43, 17, 29,  6, 31, 12, 22, 31, 25, 39, 44, 32, 37, 17, 32, 24, 46, 25, 12,  6,
    11, 35, 22, 16,  7, 30, 37, 49, 45, 14, 42, 24, 43, 49, 19, 25, 22, 33, 48, 23, 10, 46, 21, 49, 34, 43, 48, 20, 26, 31, 30, 36, 31, 31,
    24,  8, 30, 31, 21, 30, 16,  6,  6, 50, 21, 34, 31, 18, 49, 49, 16, 40, 20, 25, 44, 44, 40, 24, 31, 35, 49, 14, 10, 48, 39, 27, 29, 28,
    13, 44, 12, 44, 38, 10, 45, 41, 10, 46, 45, 25,  7, 51, 24, 38, 22, 51,  9, 32, 25, 33, 38, 20, 32, 43, 35, 15, 20, 19, 12, 43, 15,  9,
    30, 35, 32, 19,  8, 39, 28, 13, 13, 49, 18, 11,  6, 49, 44, 17, 12, 46, 14, 45,  6, 12, 10, 48, 20, 18, 35, 18, 15, 48, 45, 44, 17, 28,
    30,  7, 44, 50, 39, 10, 25, 19, 48, 43, 16, 45, 51,  7, 20, 28, 37,  8, 21, 33,  9, 14, 18, 28, 14, 32, 51, 41, 40,  7, 46,  8, 49, 31,
    36, 44, 39, 13, 22, 12, 37, 49, 35, 45, 48, 22, 37, 35, 29, 27, 25, 37, 49, 34, 19, 11, 16, 51, 51, 19, 32, 47, 34, 48, 13, 45, 16, 40,
    50, 37, 10,  7, 40, 32, 44, 13, 18, 49, 25, 44, 11, 11, 28, 31, 24, 10, 22,  7, 24, 33, 22, 23, 33, 10, 39, 13, 51, 10, 28, 29, 45, 49,
    32, 41, 18, 14, 50,  7, 17, 29, 22, 30, 31, 27, 21,  6, 45, 28, 31, 19, 36, 21, 14, 43, 24, 32,  6, 45, 10, 43, 48, 27, 27, 38, 49, 25,
    18, 13, 10,  7, 40, 20,  8, 26,  9,  6, 10,  8, 27, 47, 39,  9, 30, 10, 23, 22, 31, 37, 18, 10, 21, 48, 38, 21, 18, 25, 28, 28, 35, 30,
    32, 32, 30, 12, 20, 37, 30, 38, 43, 37, 26, 46,  7, 36, 37, 22, 17, 34, 39, 41, 15, 44, 13, 15, 34, 10, 37, 25, 48, 15, 51, 20, 40, 25,
    11, 14, 44, 22, 32, 29, 16, 43, 44, 36, 51, 28, 22, 25, 23, 17,  9, 26, 30, 25, 26, 25, 26, 16, 51,  9,  8, 42, 43, 51, 33,  6, 43, 23,
    44, 25, 49, 10, 47, 49, 43, 35, 47, 32, 46, 28, 19, 47, 26, 28, 30, 38, 17,  6, 25, 21, 51, 26, 34, 38, 29, 16, 30, 21, 40,  8,  9, 33,
    25, 51, 32,  9, 15, 12, 15, 17, 30, 50,  6, 19, 51, 36, 20, 21, 48, 22,  6, 34, 22, 30, 41, 25,  8, 25, 19, 16, 27,  8, 33, 10, 31, 28,
    14, 36, 22, 32, 44, 36, 37, 13, 48, 41, 15, 15, 24, 40,  7, 48, 47, 36, 26, 24, 51, 22,  6, 32, 32, 45,  7, 27, 23, 40, 10, 21, 14, 21,
    12,  8, 25, 49, 25, 21, 25, 43, 29, 31, 14, 20, 44, 40, 30, 29, 19,  6, 32, 41, 32, 39, 18, 37, 39, 20, 49, 40,  6, 18, 30, 10, 26, 45,
    41, 38, 29, 41, 47, 29, 23, 21, 22, 31, 32, 22, 51, 13, 40, 17, 37, 48, 12, 13, 41, 42, 32, 12, 28, 25, 31, 22,  6, 31, 36, 42, 49, 50,
    23, 43, 10, 20, 49, 38, 33,  8, 25, 49, 40, 17, 49, 21, 10, 47, 13, 26, 29, 40, 19, 31, 35, 30, 30, 25, 40, 44, 51, 29, 32, 44, 33, 34,
     7, 25, 30, 49, 15, 29, 34, 12, 41, 28, 46, 22, 34, 18, 44, 37, 15, 19, 37, 32, 38, 26, 21, 27, 33, 15, 23, 42,  7, 40, 21, 39, 50, 31,
    43, 48, 50, 28, 27, 16, 22, 23, 26, 32, 30,  6, 39,  8, 41, 40, 22,  9, 49, 33, 24, 32, 33, 35, 31, 26, 21, 25, 41,  7, 26, 48, 34, 17,
    33, 37, 40, 47, 27, 11, 25, 50,  7, 11, 23, 16, 28, 31, 41,  6, 37,  6, 33, 30, 21, 28, 11, 32, 40, 47, 32, 38, 31,  8, 14, 28, 30, 14,
    22,  8, 37, 29, 46, 41, 14, 50, 26, 29, 18, 30, 37, 37, 31, 42, 36, 11, 20,  7, 41,  7,  9, 32, 15, 43, 50, 49, 26, 24, 29, 19, 11, 31,
    40, 33, 27, 37, 23, 22, 12, 45, 41, 17, 24, 23, 34, 51, 21, 25, 47, 45, 17, 20, 33, 37, 20, 13, 23, 20,  9, 26, 50, 28, 24, 46, 38, 11,
    36, 14, 25, 10, 24, 39, 50,  7, 29, 25, 21, 24, 45,  9],
   [ 4,  8, 47, 31, 12, 17, 36, 17, 40, 21, 56, 49, 30, 58, 42,  9, 18, 29, 14, 48,  8, 10, 10, 31, 21, 51, 50, 15, 41, 53, 14, 26,  8, 28,
    51, 47,  9, 31, 36, 10, 26, 24, 32, 19, 12, 36, 35, 49, 10, 11, 26, 58, 25, 31, 32, 54,  5, 55, 58, 46, 23, 19, 13, 51, 10, 44, 32, 41,
    31, 13,  9, 30, 49, 23, 48, 16, 44, 52, 28, 52, 14, 41, 50, 13, 42, 28, 58, 17,  8, 20, 14, 14, 25, 44, 23, 50, 18, 38, 55, 34, 29, 20,
    46, 34, 26, 10, 12, 55, 46, 34, 56, 54, 49, 40, 13, 17, 56, 26, 53,  9, 27, 12, 31, 54, 14, 49, 42, 54, 12, 41, 53, 41, 38,  4, 37, 17,
     4, 49, 39, 46, 45, 47, 19, 39, 50, 31, 40, 18, 24, 18,  9, 56, 38, 53,  7, 33, 23, 44, 31, 44, 49, 47, 26, 10, 21, 48, 43,  8, 17,  7,
    28, 43, 16, 44,  9, 40, 24, 49, 13, 17, 19, 14, 38, 34, 39, 50, 38, 48, 28, 32, 39, 40, 32, 49, 45, 24, 58, 13, 58, 17, 40, 43, 17, 42,
    12, 50, 14, 12, 28, 20, 32,  9,  5, 43, 44, 12, 10,  9, 42, 46, 17, 12, 24, 43, 22, 20,  9, 29, 23, 43, 40, 17, 56, 45, 45, 12, 37, 30,
    33, 53, 36, 47,  4, 39,  5, 18,  8, 43, 24, 55, 58, 32, 22, 50, 40,  8, 52, 54, 22, 35, 57, 45, 18, 17,  5, 45, 38, 41, 18, 52,  9, 28,
    43, 42, 56, 32, 25,  5, 37,  8, 52, 28,  4, 41, 55, 41, 45, 38, 23, 42, 40, 51, 21, 23, 54,  9, 39, 46,  9, 47, 30, 14, 21, 51, 56, 20,
    26, 44, 30, 48, 47, 15, 19, 30, 11, 25,  6, 11, 47, 53, 33, 32, 43, 33, 54, 38, 28, 13, 55, 13, 54, 35, 38, 49, 23, 18, 44, 34, 45,  5,
    35, 56, 50, 37, 45,  9, 38, 50, 55, 25, 18, 32, 57, 29, 10, 18, 30, 17, 44, 18, 22, 21, 20, 10,  5, 31, 31, 33, 20,  8, 56, 35, 29, 16,
    41, 41, 40, 15, 30,  4, 58, 46, 10, 11, 18, 27, 32, 14, 21, 43, 49, 37, 55,  4, 26, 47, 55, 45, 41, 53, 19, 30,  8, 50, 31, 31, 38,  9,
    57, 26, 10, 45, 27, 31, 48, 17,  4, 44, 14, 25, 55, 42, 57, 23, 41, 52, 55, 42, 21,  5, 32, 29, 39, 44, 13, 30, 28, 10,  4, 24,  9, 21,
    26,  7, 13, 40, 36, 23, 47, 34, 55, 54, 43, 40, 18, 29, 49, 22, 44, 55, 34, 38, 33, 37, 17, 57, 16, 56,  8, 33, 16, 32, 25, 19, 23, 27,
     6, 50,  9, 17, 11, 17, 52,  8, 11, 24, 24, 42, 12, 48,  9, 40, 22, 39, 27, 30, 50, 20, 27, 17, 27, 55, 37, 30, 17, 18, 27,  5, 43,  9,
    46, 48, 48, 36, 11, 26, 21,  5,  5, 10, 27, 25, 48, 52,  8, 49, 25, 20, 22, 18, 12, 26, 52, 42, 29, 25, 13, 23, 31,  7, 21, 38, 13, 44,
    36, 15, 49, 54, 16, 30, 43, 28, 53, 45, 26, 54, 44, 47, 50, 36, 26, 27, 41, 15, 40, 51, 25, 14, 54,  9,  5, 40,  4, 23, 42,  9, 34,  7,
    52, 31, 11, 44, 56, 50, 25, 35, 45, 38, 32, 37, 11, 22, 52, 55, 28, 36, 22, 29, 43, 15, 16, 12, 17, 53, 35, 41, 34, 27, 28, 45, 44, 31,
    23, 23, 12, 23, 52, 12, 47, 34,  9,  4, 29, 26, 33,  7, 14, 38, 53, 50, 29,  7,  7, 10, 41, 44, 56, 55, 33, 38, 29, 49, 34, 13, 12, 18,
    44, 49, 45, 27, 30, 49, 18, 58, 21, 52, 34, 35, 50, 33, 49, 26, 24, 36, 17, 40, 26,  6, 21, 14, 10, 17, 35, 31, 47, 15, 45, 55, 13, 45,
    37, 20,  9, 24, 38, 28, 34, 48, 11, 27,  9, 16, 31, 39, 29, 19, 45, 10, 52, 36, 30, 42, 13, 25, 51, 35, 55, 49,  7, 40, 20, 19, 18, 26,
    55, 37,  8, 15, 13, 32, 31, 40, 15, 46, 40, 41, 14, 32, 10, 44, 15, 23, 49, 50, 28, 58, 46, 54, 36, 31, 23, 35, 50, 22, 39, 23, 11, 27,
    56, 56, 55, 36, 45,  9, 19, 50, 46, 41, 12, 54, 51, 27, 23,  5, 26, 27, 16, 12, 10, 29, 21, 37, 39, 20, 49, 40, 11,  8, 33,  9, 57, 42,
    57, 26, 16, 54, 49, 27, 49, 44, 46, 24, 51, 28,  5, 16, 44, 39, 19, 54, 34, 51, 14, 22, 38, 56, 44,  8, 19, 37, 39, 49,  8, 34,  9, 16,
     6, 44, 33, 13, 13,  8, 24, 10, 40, 30, 30, 15, 52, 58, 38, 39, 31, 17, 56, 10, 15, 19, 12, 52, 44, 27, 19, 49, 50, 14, 54, 53, 31,  5,
    27, 18,  5,  8, 27, 20, 24, 43,  8, 22, 30, 23,  9, 31, 16, 30, 52, 13,  5, 14, 14, 19, 14, 56, 34, 31, 38, 40, 20, 43, 42, 16, 12, 51,
    51, 36, 43, 54, 34,  6, 29,  7, 41, 27, 25, 17, 39, 39, 36,  9, 16, 54, 45, 44, 45, 32, 34, 28, 58, 15, 24, 30, 28, 21, 19, 15,  7, 22,
    21, 55,  4,  4, 50, 22, 40,  6, 39, 10, 49, 48, 39, 53, 53,  9, 43, 48, 55, 43, 49, 25, 32, 13, 18, 16, 22, 34,  9, 45, 12, 39, 13, 45,
    10, 21, 58, 51, 17, 37, 35, 51, 17, 20, 35, 26, 31, 35, 50, 57, 52, 38,  6, 26, 27, 51, 25, 30,  4, 45, 25,  7, 25, 56, 17, 33, 52, 47,
     7, 51, 57, 57, 33, 40, 41, 30, 29, 46,  6, 28, 46, 39],
   [11, 14, 31, 49, 22, 14, 44, 25, 44, 42, 36, 19, 14, 27, 33,  5, 49, 47, 45, 34, 32, 47, 15, 35, 47, 22, 16,  8,  8, 20, 43, 13, 35,  9,
    31, 12, 25,  6, 10, 20, 38, 37, 49, 48, 47, 40, 42, 21, 37, 30, 48, 27,  4, 36, 31, 47, 11, 39, 47, 17, 15, 51, 44, 14, 15, 30, 17, 34,
    45, 25,  6, 28,  5, 32, 35, 29,  4, 34, 33, 20, 23, 44, 35, 51, 33, 37, 48, 13, 38, 42, 35, 20, 24,  4, 41, 36, 13,  7, 15, 11, 23, 24,
    28, 20, 26, 15, 44, 30, 39, 49, 48, 36, 16, 10, 11, 48, 27, 20,  6, 51, 40, 41, 44, 28, 24, 37, 25, 26,  5, 19, 33, 32, 18, 20, 13, 48,
    25, 19, 11, 17, 23, 30, 18, 17, 24, 18, 46, 30, 46,  9, 37, 49, 39, 51, 50, 36, 21, 28, 25, 27, 31,  5, 33, 51,  9,  4, 47, 36, 44,  8,
    37, 25, 16, 36, 37, 19, 45, 48, 19, 18, 22, 40,  5,  9, 38, 36, 47, 26, 33, 17, 45, 32, 40, 13, 40, 35, 32, 26, 27,  5, 30, 12, 23,  4,
    31, 15,  4, 36,  6, 30, 27, 33, 20, 21,  7,  6, 15, 22, 14, 38, 40, 30, 28, 16, 26, 41, 36, 14, 47, 12, 34, 43,  9, 41, 32,  9,  5, 46,
    27, 44, 43,  4, 50, 25, 47, 22, 26, 48, 42, 21, 28, 49, 19, 29, 40, 43, 32, 31, 45, 51,  7, 26, 29, 48,  7, 38, 30, 41, 13, 21, 37, 39,
    14, 31, 26, 43, 38, 51, 16, 26, 23, 44, 36, 39, 16, 39, 43, 12, 47, 13, 26, 42, 22, 50, 11, 19, 14, 39, 22, 39, 51, 48, 45, 33, 32, 10,
    38,  5, 38, 37, 39, 38, 25,  5, 21, 40, 10, 27, 25, 18, 48, 42,  5, 17,  6, 31, 10, 38, 25, 12, 22,  7, 24, 43, 43,  7, 44, 26, 20, 43,
    12, 50,  4, 24, 14, 36, 22, 21, 44, 17, 39, 35, 37,  9, 14, 32, 16, 28, 12,  9, 38, 48, 14, 30, 34, 18, 50, 32, 42, 14,  9, 12, 37, 23,
    45,  6, 34, 48, 50, 18, 47, 11, 32, 22, 30, 40,  5, 51, 34, 42, 18, 23, 10, 51, 15, 24, 35,  5, 46, 24, 44, 32, 10, 10, 26, 50, 32, 29,
    21, 31, 26,  5, 26, 24, 32, 42,  8, 24, 36, 35, 45, 39, 28, 26,  9, 25, 33,  6, 41, 12, 43, 51, 19,  5, 39, 33,  6, 24, 46, 30, 36, 11,
    45, 28, 32, 44, 39, 19, 18, 38,  7,  9, 33, 33, 22, 26, 37, 41, 34,  8, 42, 43, 18, 50, 18, 20, 24, 47, 17, 31, 12, 17, 24, 29, 21,  8,
    11, 35, 34, 10, 37,  9,  9, 10, 42, 10, 47, 11, 39, 42, 43, 43, 14,  9, 13, 20, 15, 34, 36, 23, 41, 19,  8, 48, 13,  7, 19,  9, 12, 26,
    15, 14, 29, 48, 48, 11, 51, 17, 27,  4, 48,  5, 40, 47, 39, 33, 46, 17, 37, 43, 12, 45, 22,  6, 31, 21,  5, 32, 12, 24, 25, 17, 48, 32,
    44,  9, 32, 20, 36, 11, 25, 32, 32, 37, 25,  8, 45, 35, 45, 35, 50, 21, 48, 24, 48, 38, 23, 26, 49, 44, 18, 31, 41, 20,  4, 45, 38, 49,
    25, 33, 36,  6, 46, 17, 46, 49, 36,  5, 16, 18,  7, 31, 16, 51, 29, 41, 43,  9, 46, 45, 19, 41, 17, 33,  9, 26,  6, 25, 32, 43, 39,  4,
    23, 41, 27, 25, 18, 24, 20, 11, 26, 23, 41,  8,  8, 49, 25, 11, 34, 28, 14,  8, 11, 41, 38, 45, 16,  5, 27, 27, 43, 16, 34, 39, 46, 26,
    23, 44, 33, 27, 51, 10, 17, 31, 34, 34, 13, 31, 47, 14, 50, 23, 11, 23, 43,  8, 28, 19,  9, 10, 20, 37, 24, 32, 20, 28, 39, 35,  9,  7,
    27, 31, 51, 22, 31, 42, 49, 13, 25, 23, 36, 18, 45, 34,  7, 40, 18, 31, 44, 35, 47, 39,  7, 10, 38, 12, 43, 34, 32, 11, 25, 34, 46, 50,
    31, 43, 47, 16, 45, 22, 38, 34, 30, 41, 25, 39, 51, 11, 45, 37,  5, 42,  5, 49, 38, 37, 47, 31,  5, 47, 27, 26, 14, 28, 40, 49, 14, 16,
    14, 15, 14, 48, 27, 49,  9, 32, 14, 22, 51, 33, 11, 26, 11, 48,  9, 27, 45, 35, 26,  7,  7,  6, 40, 15, 22, 24,  6, 36, 39, 23, 13, 23,
    30, 46, 17, 15, 24, 15, 51, 27, 43, 24, 41, 31, 22, 33, 40, 10, 35,  9, 14, 43, 11, 45,  8, 49, 24,  9, 12, 50, 41, 29, 39, 39, 48, 36,
     6, 24, 13, 36, 48, 47, 44, 32, 33, 25, 17, 23, 12, 19,  5, 22, 42, 28, 19, 33, 43, 25, 19, 34, 27, 12, 25, 37, 11, 16, 23, 22, 11, 41,
     4, 36, 39, 28, 28,  9, 11, 48, 10, 14, 11,  7, 42, 26,  9, 39,  4, 10, 36, 20, 22, 51,  4, 37, 21, 20, 42, 42, 12, 33, 41,  6, 29, 15,
    13, 20, 43, 45, 42, 43,  6,  6, 15, 48, 28, 44, 29, 19,  7, 14, 51, 28, 14, 21, 10, 50, 32, 35, 27, 47, 17, 20, 48,  7, 16, 42, 34, 24,
    37,  8, 32, 15, 27, 13, 20, 15, 34, 30, 26, 50,  8, 51,  9, 28, 34, 31, 47, 12,  9, 44,  7,  4, 37, 20,  7, 35, 17, 41, 49, 41, 49, 25,
    19,  4, 26, 26, 27, 43, 43,  9, 16, 48, 41, 19, 14, 48, 12, 31, 28, 28, 25, 43, 36, 49, 14, 41, 33, 22, 12, 46, 29, 23, 48, 51, 40, 27,
    10, 45, 24, 28, 48,  9,  8, 16, 24, 13, 48, 51, 48, 18],
   [24, 17,  9, 39, 43,  8, 12, 10, 23, 43, 43, 33, 31, 24, 22,  9, 20, 41, 38, 12, 44, 37, 24, 35, 26, 37, 39, 22, 22, 32,  9, 37, 28, 43,
    21, 19, 10, 39, 15, 21, 13, 43, 26, 18, 28, 18, 31, 15, 40, 12, 31, 44, 32, 37, 30, 22, 41, 39, 30, 20, 23, 15, 30, 21, 37, 44, 13, 11,
    21, 39, 18, 32, 15, 30, 21, 11, 27, 35, 35, 26, 21,  8, 13, 23, 19, 24, 20, 42, 12, 31, 38, 39, 41, 37, 40, 11, 17, 38, 39, 13, 30,  8,
    29, 44, 23, 41, 30, 40, 26,  9, 29,  9, 35, 18, 31, 17, 16, 17, 44, 23, 18, 34, 31, 13,  8, 44, 31, 35, 41, 31, 25, 24, 39, 14, 33, 21,
    17, 24, 23,  8, 15, 14, 30, 31,  9, 15, 10, 41, 10, 17, 39, 41, 10, 30, 16, 17, 11, 18, 33, 43, 21, 11, 15, 17, 22,  8, 18, 13, 34, 28,
    20, 10, 34, 27, 37, 29, 23, 42, 43, 33, 31, 16, 10, 35, 14, 35, 21, 35, 18, 39, 10, 19, 35, 33, 14, 43, 41, 39, 10, 16, 40, 19,  9,  8,
    20, 32, 40, 27, 17, 26, 36, 41, 37, 42, 31, 31, 33, 24, 21, 14, 22, 35, 32, 15, 35, 34, 42, 39, 34, 10, 22, 42, 14, 17, 27,  8, 40, 20,
    12, 27, 16, 33, 30, 28, 32, 19, 30, 19, 35, 24, 39, 21, 40, 26, 18, 14, 37, 29, 19, 26, 43, 12, 23, 19, 20, 23, 31,  8, 33, 36, 25, 38,
    18, 29, 14, 42, 10, 40, 36, 20, 10, 23, 22, 30, 19, 14, 12, 23, 34, 38, 36, 26, 32, 17, 26, 28, 11, 10, 13, 40, 19, 19, 36, 32,  9, 35,
    33, 41, 24, 17, 33, 13, 12, 20, 30, 36, 24,  8, 35, 27, 39, 23, 30, 29, 22, 37, 23, 40, 22, 40, 24, 34, 35, 42, 44, 44, 15, 27, 11, 29,
     8,  8, 31, 32, 28, 24, 39, 31, 40, 39, 44, 27, 19, 39, 11, 18, 26, 13, 17, 22, 40, 14, 31, 25, 40, 39, 20, 36, 32, 40, 10, 33, 42, 37,
    13, 16, 13, 27, 20, 32, 12, 37, 25, 28, 16,  8,  9,  8, 32, 28, 23, 38, 20, 15, 36, 19, 13, 40, 13, 21, 26, 10, 29, 27,  8, 26, 11, 34,
    13, 28, 31, 38, 24, 42, 13, 25, 34, 15, 21, 34, 13, 21, 36, 27,  8, 30, 32, 19,  9, 22, 38, 30, 27, 31, 30, 24, 30, 34, 22, 10, 36, 41,
    25, 40, 43, 23, 18, 37, 12, 35, 35, 21, 30, 42, 33, 26, 41, 44, 39, 37, 26,  8, 16, 28, 23, 38, 25, 15, 22, 43, 23, 37, 35, 43, 31, 34,
    43, 23, 36, 15, 34, 43, 23, 23, 34, 42, 18, 15, 23, 36, 38, 35, 13, 29, 24, 12, 14, 19, 35,  8, 40, 35, 10, 35, 23, 35, 40, 16, 18, 25,
    37, 40, 10, 34, 20,  8, 35, 14, 25, 13, 12, 24, 40, 42, 29, 12, 29, 32,  9, 35, 21, 23, 37, 37, 25, 25, 44, 10, 39, 29, 12, 28, 25, 21,
    40, 33, 43, 12, 18, 42, 14, 32, 26, 28, 29, 40, 33, 43, 29, 25, 25, 32, 17, 33, 31, 16, 17, 32, 29, 21, 20, 16, 17, 34, 39, 37, 11, 10,
    40, 10, 37, 35, 25, 25, 33, 28, 29, 41, 10, 42, 10, 17,  8, 15, 37, 18, 39, 10, 42, 29, 24,  8, 34, 27, 11, 19, 23, 13, 26, 18, 38, 37,
    14, 26, 41, 35, 40, 36, 26, 20, 26, 22, 34, 31, 22, 27, 16, 13, 36, 33, 10, 24, 14, 36, 12,  8, 41, 44, 24, 33, 40, 37, 42, 24, 14, 31,
    16, 11, 15, 23, 16,  8, 28, 25,  9, 28, 39, 29, 17, 30, 23, 15, 18, 11, 44, 42, 34,  8, 26, 26, 37, 25, 12, 13, 13, 44, 24, 25, 12, 36,
    31, 24,  8, 31, 41, 32, 24, 28, 16, 38, 40, 17, 38, 40, 42, 40, 26, 20, 14, 34, 40, 34, 36, 43, 37, 34, 22, 19, 20, 27, 21, 13, 30,  8,
    13, 35, 21, 25, 22, 25, 20, 36, 34, 43, 35, 23, 28, 21, 41, 39, 44, 23, 27, 22, 32, 37, 10, 24, 25, 14, 21, 17, 40, 29, 23,  9, 18, 39,
    16, 17,  8, 22, 31, 23, 39, 21, 16, 27, 11, 31, 24, 25, 13, 27, 16, 18, 39, 37,  8, 44, 30, 42, 17, 35, 14, 27, 14, 34, 44, 39, 30, 32,
    40, 30, 40, 29, 28, 18, 25, 22, 20, 38, 44, 27, 37, 36, 31, 42, 39, 15,  9, 28, 11, 25, 21, 29, 17, 19, 27, 21, 34, 28, 15,  9,  8, 19,
    11, 10, 35, 30, 37, 42, 35, 20, 26, 25, 32, 30, 34, 14, 11, 10, 31, 28, 18, 35, 25, 21, 23, 21, 30, 16, 37, 15, 43, 41, 43, 11, 22, 40,
    40, 30, 11, 26, 42, 20, 18, 17, 23, 26, 18, 17, 26, 23, 12, 13, 23, 28, 16, 41, 16, 17, 41, 25, 21, 36, 29, 12,  8, 11, 25, 37, 41, 37,
    14, 16, 21, 36, 40, 13, 28, 40, 25, 15, 32, 30, 14, 36, 32, 28, 24, 18, 27, 44, 10, 21, 27, 40,  8, 44, 38, 10, 17, 35, 15,  9, 25, 20,
    44, 36, 18, 13, 39,  8, 34, 19, 42, 13, 23, 41, 37, 20, 19, 36, 17, 27, 29, 12, 30, 35, 14, 35, 39, 35, 16, 18, 19, 16, 12, 38, 39, 18,
    31, 35, 44, 37, 38, 35, 35, 41, 25, 44, 18, 23, 30, 13, 41,  8, 24, 24, 38, 14, 43, 25, 11, 42, 25, 14, 25, 17, 36, 24, 19, 31, 22, 24,
    31, 39, 37, 39, 34, 24, 31, 30, 12, 33, 42, 23, 12, 34],
   [42, 29, 28, 12, 43, 22, 11, 33, 28, 35, 44, 24, 13, 35,  8, 23, 33, 34, 25, 40, 20, 24, 18, 24,  9, 12, 32, 36, 35, 38, 33, 20, 41, 30,
    34, 22, 11, 19, 41, 18, 19, 13, 18,  7, 43, 24, 35, 26, 44, 41, 31, 44, 25, 31, 41, 10, 30,  8, 19, 27, 28, 47, 14, 12, 22, 16, 15,  7,
    15, 35, 27, 27, 46, 29, 44, 15, 39, 27, 39, 27, 41, 31, 34, 40,  7, 25, 38, 44, 41, 15, 10, 10, 28, 40, 11, 28,  9, 11, 41, 42, 27, 10,
    42, 10, 17, 46, 42, 37, 21, 44, 37, 38, 22, 34,  7, 15, 22, 27, 42, 22, 40, 21, 21, 36, 23, 30, 42, 46, 39, 12, 39, 24, 44, 11, 19, 14,
    19, 13,  8, 15,  9, 21, 33, 40, 46, 26, 35, 15, 43, 34, 35, 11, 34, 27, 22, 45, 44, 27,  7, 13, 20, 37, 36,  8, 16, 17, 32, 18, 17, 15,
    40, 41, 36,  8, 18, 15, 18, 20, 20, 13, 41, 19,  8, 45, 40, 10, 25, 44,  8, 47,  8, 17, 11, 27, 28, 17, 15, 13, 31, 36, 47, 25, 42, 38,
    24, 11, 15, 41, 11, 14, 42,  7, 21, 42, 18, 19, 13, 23, 46, 17, 40, 18, 28, 40, 33, 35, 30, 36, 12, 10, 18,  9,  7, 21, 40, 39, 31, 46,
    16, 23, 25, 22, 10, 42, 12, 28, 17, 46, 33, 11, 44, 47, 24, 27, 30, 36,  8, 36, 44, 38, 16, 33, 27, 28, 19,  8, 46, 38, 41, 13, 11, 40,
     8, 41, 44, 17, 42, 23, 28, 29, 26, 12,  7,  8, 29, 23, 15, 21,  9,  9, 12, 43,  9, 19,  9, 28, 31, 37, 30, 38, 18, 42, 42, 32, 32, 26,
    31, 19, 11, 38, 35, 28, 39, 46, 47, 22, 12, 41, 33, 43, 13, 21, 25, 26, 19, 30,  7, 39, 23, 29, 14, 29, 43, 30, 24, 23,  8, 45, 19, 11,
    23, 38, 12, 27, 22, 18, 35,  8, 25, 28, 20, 28, 12, 13, 38, 37, 43, 10, 31, 35, 44, 25, 26, 23, 18, 47, 15, 21, 13, 40, 31, 43, 40,  9,
    35,  8, 24, 34, 10,  7, 35, 34, 41, 14, 43, 16, 14, 12, 21, 42, 21, 24, 25, 35, 36,  8, 40, 20, 43, 31, 38, 19, 23, 38, 40, 24, 44, 45,
    19, 22, 27, 24, 32, 35, 25, 26, 22, 10,  9, 39, 19, 42, 37, 22, 22, 20, 45, 42, 22, 12, 25,  7, 18,  9, 11, 15, 32, 24, 11, 34, 44, 12,
    34, 35, 33, 43, 15, 19, 41, 27, 37,  8, 42, 18,  9, 34, 42, 13, 35, 44, 22, 12, 26,  8, 47, 16, 17, 22, 17, 43, 31,  9, 23, 13, 47, 35,
     8, 17, 27, 36, 19, 32, 18, 36, 39, 29, 34, 33,  8, 19, 23, 27, 26, 15, 30, 43, 26, 38, 12, 34,  8, 25, 18, 15, 33, 11, 22, 11, 23, 14,
    26, 35, 45, 30,  9, 25, 34, 27, 10, 46, 37, 11, 17, 21, 27, 16, 17, 17, 14, 10, 17, 32, 34, 20,  9, 20, 15, 44, 23, 39, 23, 24, 46,  7,
    31, 25, 33, 35, 38, 26, 20, 46, 32, 38, 37, 46, 39, 12, 21, 39, 13, 43, 33, 17, 26, 16, 22, 43, 46, 43, 17, 24, 34, 41, 37, 21, 17, 19,
    28, 42, 33, 40, 24, 13, 36, 13, 45, 45, 26,  7, 39, 44, 24, 41, 29, 13, 41, 16, 24, 27, 22, 34, 22, 30,  8, 22, 38, 21, 22,  9, 20, 30,
    34,  7, 12, 46,  8, 40, 12, 12, 32, 34, 12, 43, 23,  8, 25, 31, 41, 14, 17, 32, 41, 22, 20, 21, 24, 27, 46, 23, 12, 46, 45,  7, 44, 12,
    33, 29, 20, 22, 15, 18, 29, 37, 22, 44, 17, 17, 19, 35, 37, 37, 47,  8, 42, 33, 36, 22, 10, 42, 14, 41, 11, 29, 27, 41, 20, 29, 22, 42,
    11, 32, 46, 25, 16, 14,  7,  8, 41, 20, 33, 33, 13, 20, 18, 38, 38, 26, 38, 44, 41, 22, 33, 19, 33, 20, 41, 23, 43, 18,  8, 47,  9, 10,
    31, 18, 33, 23, 38, 24, 21, 29, 35, 13, 40, 29, 25, 28, 35, 35, 29, 17,  9, 27, 39, 41,  9, 27, 15, 19, 24, 16, 26, 45, 11, 18, 43, 13,
    25, 46, 13, 35,  9, 42, 40, 45, 35, 41, 16, 35, 40, 41, 14, 41, 18, 28, 36, 10, 32, 19, 23, 43, 29, 25, 38, 33, 35, 28, 46, 27, 13, 32,
    20, 23, 15, 14, 10,  8, 34, 12,  7, 34, 30, 31, 45, 40, 18, 25, 45, 47, 44, 19, 14, 12, 47, 13, 13, 20, 10, 22, 31, 30, 34, 24, 26, 34,
    37, 15, 13, 13, 17, 42, 27, 27, 45, 22, 46, 10, 35, 33, 25,  7, 20, 17, 45, 46, 38, 39, 33, 41, 16, 24, 12, 15, 40,  9,  8, 40, 17, 41,
    10, 10, 41,  9, 15, 38, 32,  8, 10, 40, 39, 26, 35,  8,  8, 31, 15, 34, 41, 20, 44,  9, 30, 43, 17, 23, 21,  8, 13, 25, 47, 29, 31, 11,
    31, 34, 30, 36, 40, 17,  8, 12, 33, 18, 22, 33, 41, 40, 35, 16, 44, 10, 36, 31, 32, 25,  7, 47,  8, 45, 18, 28, 35, 31, 40, 18, 16, 37,
    37, 20, 15, 12, 36, 25, 45, 35, 36, 31, 26, 10,  9, 36, 13, 29, 47, 18, 25,  9, 11,  8, 30, 14, 37, 12, 21, 17, 12, 21, 45, 36, 29, 13,
     7, 18, 21, 29, 28, 20, 46, 36, 43, 41, 40, 14, 47, 47, 41, 43, 30, 21, 31, 40, 18, 46, 38, 27,  7, 34, 29, 34, 28, 37, 35, 33, 44, 47,
    31, 30, 47, 38, 40, 25, 13, 39, 24, 27, 47,  8, 30, 46],
   [18, 33, 38, 23, 35, 26, 34, 35, 45, 18,  8, 40, 29, 40, 18, 40, 28, 39, 18, 14, 24, 29, 24, 10, 44, 41, 35,  8, 31, 13, 36, 44, 25, 14,
    38,  9, 21, 28, 18, 17, 45, 42, 32, 12, 30, 12, 25, 29, 15, 22, 13, 27, 43, 28, 22, 25,  8, 45, 36, 29, 25, 23, 11,  8, 37,  9, 35, 18,
    39, 16, 38, 42, 25, 36, 14, 41, 19, 13, 11, 26, 18, 40, 22, 17, 45, 27, 43, 13, 31, 37, 45, 32, 43, 12, 41, 23, 38, 31, 29, 11, 37, 14,
    36, 25, 35, 12, 11, 24, 16, 35, 20, 25, 42, 30, 43, 16, 30, 25, 45, 22, 26, 19, 10, 13, 11, 39, 21, 42, 29, 26, 25, 17, 36, 38, 29, 12,
    22, 37, 29, 21, 37, 36, 29, 34, 20, 16, 28, 41, 11,  8, 18, 37, 37, 21, 42, 37,  8, 24, 36, 26, 39, 30, 14, 17, 39,  8, 20, 19, 37, 27,
    37, 10, 44, 21, 13, 17, 34, 31, 33, 12, 12, 26, 43,  9, 39, 45, 40, 31, 28, 39, 23, 42, 11, 18, 14, 14, 38, 41,  8, 13, 25, 45, 30, 41,
    19, 16, 10, 13, 21, 41, 44, 16, 25, 30, 35, 19, 16, 37, 40, 23,  8, 12,  9, 24, 30, 18, 11, 31, 17, 35, 20, 41, 12, 23, 35, 41, 17, 32,
    17, 16, 25, 26, 28, 41, 22, 28, 42, 15, 10, 28, 24, 13, 38,  9, 24, 44, 21, 31, 13, 15, 29, 41, 26, 38, 37, 10, 43, 13, 15, 12, 39,  9,
    38,  9, 35, 36, 20, 19, 44, 21, 32, 11, 10, 16, 21, 20, 15, 20, 10, 25, 26, 10, 28, 39, 25, 42, 39, 35, 41, 35, 41, 39, 16, 43, 42, 43,
    24, 29, 43, 17, 26, 34, 12, 25, 33, 25, 41, 42, 36, 29, 14, 15, 31, 39, 28, 45, 12, 45, 23, 12, 35, 34, 42, 15, 43, 42, 16, 20, 22, 34,
    25, 13, 10, 32, 22, 41, 42,  9, 14, 23, 44, 44, 15, 30, 41, 29, 18, 43, 29, 16, 40,  8, 11, 16, 27, 45, 26, 36, 13, 24, 10, 11, 12, 29,
    18, 39, 28, 35, 11,  9, 45,  8,  8, 32, 17, 36, 40, 31, 28, 18, 20, 43, 27, 13, 37, 11, 27, 34, 26, 22, 32, 26,  8, 40, 14, 36, 36, 16,
    33, 24, 22, 28, 24, 36, 12, 10, 32, 14, 18, 42, 40, 40, 27, 22, 29, 29, 33, 10, 30, 32, 17, 31, 26, 31, 34, 12, 22, 18, 14, 10, 14, 41,
    33, 20,  9, 13,  8, 20, 26, 10, 15, 23, 36, 29, 20, 15, 29, 33, 44, 38, 28, 32, 30, 22, 28, 42, 26, 39, 23,  9, 12, 14, 15, 22, 24,  8,
    35, 33, 21, 34, 26, 29, 26, 41, 16, 18, 24, 20,  9, 20, 15, 14, 44, 27, 27, 24, 38,  8, 16, 23, 12, 22, 22, 12, 36, 26, 18, 14, 26, 40,
    38, 27, 11, 32, 18, 21, 40, 11, 28, 19, 19, 44, 36, 30, 18, 27, 35,  8, 23, 44, 34, 33, 17, 22, 43, 40,  9, 24, 33, 20, 19, 27, 14, 21,
    16, 32, 37, 23, 35, 25, 13,  9, 31, 29, 42, 20, 29, 39, 15, 41, 40, 35, 25, 23, 13, 31, 29, 27, 13, 44, 23, 38, 37, 27, 43, 34, 29, 14,
    37, 36, 44,  8, 44,  9, 42, 18, 27, 44, 24, 42, 19, 38, 32, 42, 36, 26, 43, 27, 19, 44, 17, 28, 30, 43, 26, 15, 39, 17, 39, 39, 25, 37,
    44, 16, 45, 15, 25, 21, 24, 15, 37, 21, 41, 22, 30, 41, 24, 28, 43, 44, 21,  8, 29, 40, 32, 31,  8, 32, 14, 43, 18, 27, 35, 42, 23, 16,
    42, 30, 36, 15, 32, 25, 26, 35, 26, 10, 38, 14, 37, 43, 37, 33, 26, 22, 42, 17, 41, 36, 23, 38, 20, 27, 15, 30, 30, 32, 36, 35, 36, 42,
    20, 36, 45, 40, 20, 23, 10, 44, 24,  9, 14, 19, 40, 10, 10, 21, 19, 38, 33, 18,  8, 12, 18, 42, 38, 25, 18, 20, 37, 18, 26, 32, 22, 22,
    45, 45, 26, 26, 39, 10, 11, 33, 19, 43, 27,  8, 10, 13, 21, 22, 16, 31, 44, 40, 21, 35, 15, 27, 15, 35, 27, 34, 25, 34, 39, 45, 33, 18,
    44, 41, 20, 10, 33, 17, 34, 36, 23, 45, 41, 38, 20, 23, 41, 41, 29,  8, 24, 17, 33, 20, 31, 45, 13, 16, 21, 28, 32, 30, 38, 12, 35, 26,
    10, 40, 18, 45, 12, 45, 29, 28, 14, 29, 38, 29, 27, 18, 22, 23, 21,  8, 45, 13, 28, 40, 14, 40, 45, 44,  8, 23, 43, 16, 27, 30, 23, 26,
    43, 17, 33, 25, 31, 14, 12, 22, 23, 34, 32,  9,  8, 37, 41, 23, 15, 27, 38, 10, 43, 33, 24, 11, 10, 29, 36, 31, 35, 25, 25, 28, 43, 30,
    30, 43, 20,  9, 39, 33, 24, 29, 45, 34, 23, 42, 29,  9, 24, 23, 39, 15, 29,  8, 38, 26, 32, 34, 22, 40, 13, 31, 23, 38, 14, 42, 29, 12,
    43, 40, 16, 13, 26, 37, 17, 20, 10, 27, 39, 35, 19, 14, 26, 39, 28,  8, 32,  9, 41, 32, 43, 28, 14, 31, 34, 16, 11, 35, 42,  8, 11,  8,
    21, 18, 22, 12, 27, 28,  8, 25, 20, 29, 14, 13, 23, 20, 27, 30, 28, 25, 35, 38, 20, 36, 15, 37, 27, 41, 23, 33, 17,  9, 28, 14, 27, 43,
    31, 11, 10, 45, 31, 12, 23, 42, 24, 14,  8, 13, 31, 12, 40, 35,  8, 28, 39, 42, 39, 44, 21, 18, 19, 13, 28, 33, 25, 37, 42, 31, 22, 29,
    28, 24, 30, 23, 43, 35, 36, 13, 24, 44, 25, 14, 11, 15],
   [12, 49, 22, 47, 25, 44, 41, 55, 11,  8, 36, 43, 19, 47,  7, 51, 55, 27, 43, 15, 34, 31, 24, 40, 38, 53, 51, 18, 22, 40, 21, 52, 49,  9,
    24, 14, 11, 25, 26,  7, 14, 35,  5, 51, 54, 13, 27,  8, 45, 30, 50,  9, 48, 49, 34, 36, 12, 20, 18, 12,  7, 42, 13, 54,  9, 26, 24, 17,
    23,  8, 36, 17, 34, 36, 49,  9, 46, 22, 38, 13, 29, 39, 17, 27, 14, 46, 54,  5, 20, 26, 44, 13, 43, 15, 16, 13, 46, 47, 36, 55, 14, 18,
    44,  7, 17, 51, 26, 40, 45, 13, 25, 44, 40, 12, 26, 46, 53, 40, 41, 29, 38, 45, 15,  7, 10, 19,  8,  4, 24, 12, 36, 27,  9, 52, 25, 50,
    53, 10, 36, 33, 11, 36, 33, 45, 17, 42, 21, 48, 53, 25, 20, 49, 27, 34, 25,  8, 19, 22, 47, 23, 42, 39, 52, 14, 25, 26, 13, 52, 42, 39,
    39, 23, 45, 39, 55, 55,  5,  4, 32, 32, 24, 27,  5, 31,  7, 50, 53, 52, 11, 22, 51, 26, 24, 55,  4, 31,  9, 30, 54, 54, 22, 28,  7, 20,
    51, 22,  4, 46, 55, 35, 48, 44,  7, 16, 45, 46, 32, 44, 26, 27, 10, 41, 52, 13, 55, 15, 17,  7,  5, 19, 43, 18, 19, 26, 10, 39, 23,  5,
    43, 53, 31, 30, 16, 16, 20, 44, 44,  5, 23, 31, 35, 49, 26,  7, 19,  7, 48, 10, 31, 33, 54, 49, 17,  6, 21, 15, 47, 24, 48, 24, 47, 43,
    41, 25, 14, 54, 46, 24, 16, 21, 27, 18, 46, 33, 44, 21, 17,  8,  9, 47,  7,  7, 16, 15, 31, 47,  4, 26, 31, 33, 15, 20, 30, 16, 12, 40,
    15, 23, 33, 33, 23,  6,  9, 35, 35,  7, 45, 10,  5, 20, 53, 45, 25,  7, 10, 23, 18, 35, 48, 15, 15, 31,  9, 45, 20, 27, 36, 47, 11, 16,
    41, 42, 26, 20, 15, 39, 13, 38, 37, 22, 39, 35, 22, 14,  4, 45, 51, 42, 49, 33,  5, 50, 39, 44, 26,  8, 53, 35, 27, 41, 23, 27, 23, 35,
    55, 35, 50, 47, 45, 22, 55, 46, 40, 45, 34, 53, 54, 52, 34, 26, 55,  5, 29,  6, 49, 55, 40, 14, 18, 25,  5, 24, 49, 52, 50, 45, 13, 24,
    51, 21, 54, 17, 28, 30, 43, 26, 52, 40,  8, 35, 53, 36, 47, 39, 18, 10, 20, 37, 21, 15,  7,  9,  4,  9, 33,  9, 29, 26, 53,  6, 27, 11,
     4, 14, 53, 28, 54, 47, 35, 44, 50, 35, 32, 47,  8, 40, 13, 41, 19, 27, 15, 23, 50, 24, 46, 37, 43, 28, 18, 52, 41, 55, 37, 32, 18, 44,
    36, 19, 46, 33, 47, 18, 33, 34, 33, 41, 51, 45, 25, 53, 33, 30, 36, 16, 18, 12, 35, 20, 22, 27, 25, 32, 33, 25, 12, 27, 46, 21, 43, 14,
    38, 31,  5, 52, 20,  7, 38,  9,  9, 27, 48, 12, 32, 19, 55, 17, 40, 45, 27, 33, 47, 52, 51, 34, 50, 50, 30, 30,  4, 55, 29, 11, 21, 14,
    51, 50,  9, 39, 39, 42, 25, 49,  5, 25, 10, 11, 46, 19, 24, 41, 54, 42, 53, 39, 16, 50, 23, 51, 27, 22, 30, 26, 26, 21, 20, 17, 31, 21,
    25, 28, 47, 55, 23, 46, 14, 25, 54, 38, 25, 24, 31, 26, 28, 45, 29, 40, 21, 30, 10, 55, 45, 12, 33, 43, 11, 33, 35, 27,  7, 48, 33, 27,
    25, 13, 49,  8, 12, 18, 21,  9, 47,  9, 21, 22, 39, 39, 17, 40, 18,  7, 52,  7, 42, 51, 33, 47, 29, 40, 24, 36, 50, 19, 45, 12, 26, 10,
    37, 49, 27,  9, 28, 38, 20, 23, 41,  7, 37,  9,  5, 45, 10,  8, 50, 18, 10, 38, 14, 11,  7,  7, 16, 43, 27, 12, 34, 54, 49, 37,  9, 10,
    11, 14, 29, 54, 35, 48, 19, 52,  4, 28, 40, 45, 36, 16, 20, 42, 20, 17, 13, 11, 55, 18, 55, 17, 28, 47, 25, 39,  6, 55, 34, 51, 32, 35,
     9, 18, 18, 37, 11, 16, 26, 51, 24, 38, 45, 44,  4,  7,  9, 29, 41, 40, 22, 33, 14, 15, 42, 19, 34, 47, 53, 55, 48, 27, 52, 11, 25, 29,
     8, 44, 41, 40, 52, 34, 41, 49, 32, 15, 42, 24, 31, 38, 30, 12, 11, 18, 55, 18, 25,  8, 34, 32, 27, 38, 15, 36, 27, 10, 12, 47, 36, 53,
    45, 33, 25,  6, 16, 40, 12, 32, 35, 54, 49, 37, 21, 23, 45, 34, 30, 11, 44, 28, 15, 16, 46,  6, 19, 25, 11,  7, 43, 36,  7,  8, 53, 36,
    28, 26,  9, 25, 27, 12, 45, 18, 18, 49,  6,  8, 15, 25, 26, 19, 31, 28, 41, 49,  8, 49, 42, 31, 22, 37, 47, 38, 43, 20,  8, 49, 40, 15,
    34, 28, 14, 32, 33, 11, 40, 38, 38, 55,  6, 23, 32, 10, 11, 40, 46, 39, 22, 42, 10,  8, 34, 30, 13, 13, 16, 34, 48, 54, 34, 13, 40, 39,
    50, 36, 38, 37, 35, 52, 17, 23, 50, 24, 24, 45, 34, 17, 30, 21,  9, 40, 16, 47, 26, 51, 33,  8,  5, 43, 12, 38, 11, 37, 54, 12, 37, 47,
    27, 32, 15, 25, 26, 45, 39, 28, 20, 11, 20, 26, 30, 19, 52, 32, 31,  4,  7, 22, 34, 22, 18,  4, 26,  9, 55,  6, 20, 14, 36,  5, 53, 27,
    31, 30, 50, 11, 44,  8, 49,  4, 42, 16, 45,  6, 14,  5, 49,  4, 45, 49,  5,  5, 51, 41, 25,  7, 53,  9, 47,  8, 33, 18, 54, 49, 30, 34,
    40, 11, 33, 34, 31, 45, 23, 35,  4, 35, 22,  7, 46, 43],
   [11, 27, 20, 11, 25, 29, 17, 32, 26, 37, 44, 27, 42, 22, 13, 24, 37, 25, 25, 39, 26, 36, 46, 15, 28, 40, 29, 46, 39, 46, 28, 15, 23, 39,
    47, 14, 20, 30, 18, 37, 32, 22, 29, 26, 15, 49, 35, 37, 34, 29, 32, 20, 21, 43, 21, 32, 12, 21, 34, 31, 36, 27, 25, 12, 28, 32, 19, 46,
    15, 43, 34, 46, 35, 45, 26, 25, 27, 21, 40, 18, 46, 26, 28, 43, 47, 49, 32, 48, 21, 36, 35, 26, 40, 49, 48, 37, 48, 39, 48, 17, 16, 32,
    27, 43, 25, 35, 23, 38, 18, 40, 22, 37, 47, 38, 23, 29, 10, 47, 18, 15, 48, 43, 32, 42, 31, 34, 41, 12, 30, 34, 17, 33, 35, 32, 30, 14,
    23, 39, 12, 39, 30, 22, 10, 34, 15, 13, 16, 40, 47, 44, 34, 13, 30, 33, 47, 21, 17, 28, 20, 13, 44, 10, 37, 23, 27, 23, 16, 21, 48, 37,
    37, 34, 19, 34, 19, 20, 30, 41, 46, 14, 29, 26, 22, 16, 42, 29, 41, 30, 22, 25, 26, 10, 47, 32, 46, 35, 32, 34, 40, 29, 43, 46, 42, 49,
    36, 37, 16, 19, 16, 47, 41, 23, 20, 22, 10, 36, 13, 49, 36, 26, 33, 12, 20, 34, 42, 18, 28, 38, 48, 26, 39, 39, 34, 24, 14, 10, 12, 47,
    17, 15, 20, 11, 42, 47, 42, 12, 25, 29, 46, 15, 48, 37, 36, 27, 37, 13, 42, 34, 13, 23, 35, 20, 21, 33, 21, 18, 13, 21, 46, 35, 43, 11,
    42, 12, 44, 40, 12, 38, 38, 33, 45, 25, 49, 13, 27, 17, 19, 42, 22, 18, 10, 20, 33, 12, 41, 26, 24, 21, 44, 14, 46, 23, 45, 44, 45, 38,
    29, 22, 13, 41, 27, 32, 20, 28, 28, 17, 44, 16, 49, 48, 21, 20, 26, 18, 11, 11, 29, 20, 35, 46, 35, 37, 16, 49, 13, 18, 12, 10, 19, 15,
    38, 40, 47, 35, 39, 29, 40, 29, 44, 18, 32, 34, 24, 48, 25, 21, 22, 16, 20, 33, 44, 43, 45, 12, 42, 13, 28, 15, 33, 38, 33, 31, 23, 45,
    10, 38, 41, 45, 49, 45, 14, 18, 38, 25, 26, 37, 44, 34, 31, 10, 29, 17, 11, 15, 38, 17, 40, 38, 23, 20, 41, 11, 33, 38, 11, 10, 41, 34,
    21, 25, 41, 31, 37, 10, 24, 30, 23, 47, 45, 49, 49, 48, 49, 14, 32, 16, 19, 20, 40, 16, 27, 33, 17, 40, 37, 43, 29, 30, 42, 23, 33, 15,
    19, 31, 47, 13, 27, 22, 44, 31, 18, 37, 47, 20, 31, 34, 27, 10, 30, 46, 46, 30, 22, 17, 25, 40, 41, 42, 30, 22, 44, 10, 30, 45, 13, 22,
    11, 30, 45, 13, 29, 39, 39, 43, 43, 39, 43, 49, 19, 22, 49, 12, 47, 49, 22, 44, 41, 14, 31, 27, 34, 41, 30, 13, 25, 12, 29, 14, 45, 28,
    21, 15, 30, 40, 13, 28, 13, 42, 43, 38, 30, 28, 16, 38, 28, 48, 22, 17, 16, 12, 39, 25, 20, 45, 49, 46, 27, 28, 10, 32, 25, 28, 10, 29,
    49, 14, 35, 36, 45, 20, 32, 43, 35, 49, 44, 47, 30, 23, 38, 31, 19, 23, 24, 43, 31, 49, 31, 34, 12, 22, 41, 47, 35, 23, 23, 49, 41, 40,
    15, 40, 40, 28, 36, 36, 30, 11, 48, 32, 40, 41, 49, 42, 35, 27, 36, 27, 47, 11, 27, 46, 31, 44, 19, 10, 29, 40, 13, 30, 47, 20, 22, 40,
    27, 20, 10, 27, 27, 48, 49, 21, 26, 34, 24, 34, 48, 15, 29, 21, 26, 38, 14, 17, 22, 40, 37, 44, 11, 46, 37, 46, 15, 26, 37, 29, 32, 41,
    14, 36, 31, 48, 22, 41, 25, 19, 12, 25, 20, 41, 14, 47, 42, 14, 29, 23, 10, 49, 26, 37, 16, 13, 31, 30, 17, 29, 38, 29, 12, 48, 48, 28,
    45, 45, 22, 37, 43, 27, 37, 19, 42, 34, 13, 36, 20, 17, 17, 31, 14, 15, 13, 39, 27, 24, 10, 11, 12, 14, 31, 31, 37, 48, 19, 34, 35, 42,
    35, 27, 49, 36, 42, 23, 12, 13, 18, 34, 43, 24, 41, 49, 11, 28, 31, 30, 22, 14, 22, 34, 47, 28, 20, 27, 15, 47, 18, 10, 22, 38, 49, 15,
    18, 33, 15, 46, 25, 47, 12, 15, 18, 44, 27, 23, 43, 47, 47, 39, 18, 46, 24, 23, 20, 45, 21, 35, 45, 31, 13, 29, 42, 36, 12, 25, 47, 27,
    37, 47, 39, 38, 13, 27, 19, 25, 21, 14, 14, 29, 10, 33, 18, 12, 22, 44, 19, 49, 42, 16, 11, 42, 45, 39, 10, 20, 38, 34, 41, 36, 10, 11,
    46, 15, 14, 47, 37, 17, 22, 17, 13, 41, 11, 11, 49, 13, 11, 19, 20, 11, 28, 22, 23, 36, 22, 12, 37, 46, 27, 48, 18, 16, 11, 21, 48, 22,
    17, 41, 31, 38, 27, 14, 45, 11, 48, 49, 42, 44, 24, 42, 40, 32, 19, 13, 22, 27, 18, 36, 17, 19, 39, 10, 20, 44, 24, 13, 44, 32, 28, 36,
    10, 38, 40, 48, 17, 12, 29, 13, 32, 10, 46, 41, 12, 48, 17, 38, 49, 16, 27, 37, 31, 49, 11, 43, 42, 18, 26, 22, 19, 12, 44, 22, 49, 49,
    46, 32, 12, 23, 32, 40, 14, 35, 11, 16, 48, 35, 30, 22, 26, 36, 44, 34, 44, 22, 21, 36, 33, 39, 35, 13, 11, 11, 37, 10, 20, 13, 12, 32,
    35, 44, 29, 39, 20, 26, 23, 42, 15, 14, 28, 24, 47, 13, 20, 25, 25, 15, 14, 13, 40, 34, 49, 44, 26, 37, 22, 31, 12, 37, 23, 33, 22, 14,
    11, 47, 27, 20, 39, 16, 19, 40, 41, 46, 15, 23, 25, 20],
   [39, 54, 30, 25, 20, 48, 11, 30, 10, 13, 44, 54, 48, 43, 29, 52, 15, 36, 55, 39, 38, 33, 16, 35, 43, 32, 44, 32, 28, 39, 13, 13, 17, 42,
    41, 16, 24, 34, 22, 18, 43, 42, 44, 51, 19,  9, 46,  9, 34, 44, 25, 14, 43, 42, 10, 39, 49, 31, 44, 31, 10, 36,  9, 21, 39, 31, 32, 37,
    33, 41, 26, 25, 24, 35, 41, 22, 33, 27, 22, 53, 16, 26, 35, 36, 19, 36, 50, 19, 53, 54, 16, 48, 26, 38, 20, 56, 19, 13, 41, 49, 45, 47,
    17, 43, 17, 22, 11, 48, 53, 28, 24, 34, 45, 17, 13, 14, 25, 49, 16, 12, 55, 47, 50, 35, 14, 40, 22, 39, 10, 31, 24,  9, 43, 51, 33, 36,
    30, 31, 18, 54, 52, 43, 12, 18, 18, 30, 57,  9, 47, 21, 42, 38, 41, 13, 47, 48, 38, 32, 57, 36, 13, 36, 11, 25, 23, 45, 15, 52, 38, 49,
    17, 18, 36, 15, 39, 36, 54, 16, 36, 25, 36, 45, 22, 34, 53, 30, 22, 48, 50, 27, 42, 52, 20, 22,  9, 49, 13, 19, 48, 38, 57,  9, 52, 23,
    34, 11, 13, 42,  9, 26, 41, 45, 53, 27, 18, 19,  9, 16, 11, 35, 19, 15, 55, 10, 30, 43, 51, 53, 36, 23, 34, 25, 40, 22, 22, 53,  9, 24,
    36, 42, 52, 32, 20, 35, 10, 46, 19, 49, 38, 24, 22, 55, 17, 34, 33, 10, 42, 34, 53, 51, 42, 52, 29, 49, 46, 46, 21, 39, 55, 39, 27, 36,
    25, 54, 26, 25, 48, 56, 12, 27, 57, 27, 41, 44, 39, 57, 52, 33, 40, 15, 20, 38, 54, 53, 52, 50, 54, 19, 46, 18, 41, 28, 13, 18, 20, 52,
    52, 12, 30, 10, 26, 17, 33, 57, 42, 53, 54, 20, 33, 31, 12, 16, 40, 54, 24, 26, 17, 13, 39, 24, 46, 26, 22, 50, 16, 57, 37, 27, 57, 27,
    54, 55, 10, 38, 26, 29, 33, 32, 48, 35, 22, 29, 45, 16, 40, 37, 39, 46, 57, 41, 24, 12, 33, 13, 11, 17, 47, 19, 53, 35, 23, 37, 31, 56,
    23, 36, 28,  9, 16, 57, 42, 26, 29, 51, 36, 36, 27, 20, 37, 29, 22, 57, 53, 28, 55, 54, 52, 48, 40, 40, 51, 39, 41, 10, 15, 38, 19, 56,
    55, 48, 41, 13, 52, 24, 23, 16, 45, 33, 35, 54, 11, 27, 35, 42, 34, 21, 28, 18, 49, 43, 19, 56, 17, 27, 23, 56, 32,  9, 49, 27, 46, 36,
    25, 38, 46, 41, 31, 40, 17, 38, 32, 35, 43, 10, 31, 38, 56, 29, 13, 47, 48, 42, 54, 48, 45, 26, 51, 42,  9, 56, 21, 27, 48, 23, 29, 13,
    29, 49, 16, 48, 31, 37, 22, 15, 17, 30, 53, 38, 47, 31, 38, 34,  9, 25, 48, 21, 41, 43, 45, 12, 10, 42, 54, 42, 12, 20, 29, 23, 11, 33,
    42, 40, 35, 16, 48, 50, 16, 14, 29, 38, 10, 50, 13, 38, 50, 47,  9, 34, 33, 27, 22, 54,  9, 49, 22, 19, 25, 37, 40, 24, 29, 30, 35, 22,
    56, 22, 55, 54, 34, 37, 14, 56, 48, 16, 22, 44, 52, 15, 56, 12, 42, 18, 18, 49, 24, 26, 48, 42, 29, 11, 31, 20, 57, 54, 18, 40, 43, 29,
    49, 46, 33, 55, 23, 21, 12, 23, 15, 47, 29, 27, 57, 10, 22, 32, 48, 35, 20, 57, 23, 33, 23, 36, 45, 39, 20, 55, 55, 49, 22, 54, 33, 44,
    41, 15, 38, 32, 33, 17, 18, 56, 16, 13, 11, 52, 34, 48, 48, 27, 26, 11, 30, 11, 30, 50, 30, 38, 11, 53, 15, 52, 45, 45, 31, 19, 57, 39,
    49, 55, 35, 56, 52, 49, 51, 14, 29, 12, 17, 54, 36, 50, 55,  9, 50, 17, 23, 28, 22, 39, 24, 31, 35, 13, 52, 50, 44, 56, 41, 32, 26, 21,
     9, 13, 41, 46, 56, 54, 55, 33, 47, 51, 54,  9, 51, 26, 23, 50, 17, 45, 49, 33, 52, 50, 10, 12, 29, 38, 30, 34, 32, 18, 45, 26, 13, 30,
    37, 17, 20, 34, 37, 10, 55, 45, 30, 30, 19, 47, 24, 43, 22, 24, 26, 21, 28, 28, 56, 29, 19, 27, 53, 12, 25, 19, 18, 23, 18, 31, 12, 35,
    30, 33, 22, 57, 54, 49, 50, 49, 12, 48, 17, 40, 47, 35, 49, 40, 40, 49, 21, 17, 24, 39, 29, 15, 47, 52, 16, 37, 49, 36, 52, 42, 47, 24,
    47, 25, 26, 43, 22, 57, 17, 10, 40, 12, 38, 26, 15, 23, 38, 46, 51, 17, 10, 10, 23, 37, 33, 16, 10, 26, 42, 47, 56, 38, 41, 51, 35, 32,
    42, 54, 35, 44, 30,  9, 34, 11, 32, 30, 34, 15, 39, 29, 42, 50, 27, 55, 40, 31, 52, 34, 21, 53, 17, 27, 12, 44, 37, 14, 28, 12, 15, 34,
    22, 26, 45, 17, 20, 26, 43, 13, 20, 15, 18, 41, 11, 53, 40, 14, 30, 41, 14, 47, 55, 16, 11, 18, 30, 29, 11, 22, 31, 48, 38, 55, 34, 54,
    48, 19, 14, 51, 18, 48, 43, 34, 34,  9, 44,  9, 49, 12, 15,  9, 53, 23, 35, 51, 38, 57, 39, 19, 52, 18, 17, 18, 43, 49, 38, 28, 49, 28,
    43, 16, 34, 33, 28, 12, 41, 44, 55, 37, 53, 24, 57, 25, 12, 18, 26, 39, 57, 47, 31, 17, 36, 44, 36, 19, 48, 45, 53, 15, 34, 15, 23, 52,
    13, 20, 48, 48, 12,  9, 51, 51, 21, 21, 40, 16, 14, 53, 28, 16, 45, 46, 23, 57, 30,  9, 32, 45, 51, 38, 52, 22, 33, 52, 46, 36, 44, 49,
    45, 25, 27, 47, 15, 51, 37, 15, 45, 20, 54, 39, 18, 18],
   [10, 15, 17, 50, 37, 25, 11, 54, 40, 18, 32, 19, 33, 20, 14, 10, 17, 54, 15, 24, 41, 33, 54, 16,  4, 45, 21, 55, 15, 54, 11,  7, 56, 16,
    38, 40, 41, 29,  6,  6, 18, 35, 44, 26, 49, 47, 52, 38, 31, 12, 26, 20, 13, 44,  4,  5, 23, 21, 27, 40, 10, 25, 42, 50, 41, 40, 34, 13,
    33, 22, 23, 46, 20, 27,  4, 18, 51, 40, 43, 17, 29, 14, 43,  6, 22, 56, 33, 33,  9, 40, 36, 27, 53, 27, 21, 46, 19, 22, 18, 17, 50, 10,
    12, 28, 32, 55, 27,  5, 33, 23, 10, 24, 51, 10,  5, 55, 29,  4, 30, 12, 41, 22, 46, 11, 24, 34, 51, 18, 18,  4, 55, 26, 41, 32,  4, 43,
    21,  5, 54, 34, 43, 39, 25, 56, 23, 24, 45, 41,  4, 29, 24, 10, 15, 17, 10, 33, 45, 41, 41, 25, 51,  5, 18,  8, 19, 29, 49, 52, 41, 15,
    15, 45, 52, 21, 26, 44, 56, 51, 45, 42, 11,  9, 20, 44,  4, 50, 18, 14, 26,  9,  4,  5,  9,  9, 55, 38, 26, 54, 35, 34, 21, 56, 17, 26,
    46, 57, 25, 38, 53, 23, 27, 47, 31, 54, 10, 44, 42, 18, 49, 19, 51, 10, 49, 49, 35, 40, 34, 28, 14, 12,  4, 27, 13, 38, 25, 48, 26, 41,
    35, 42, 15, 17, 47,  9, 57, 45, 53, 47, 29,  5, 19, 24, 14, 25, 52, 21, 13, 28,  4, 36, 48,  4, 47, 41, 49, 18, 14, 38, 42, 53, 30,  6,
    15, 40, 26, 26, 50, 57, 15, 31, 45,  4, 43,  9,  4, 44, 15, 47, 44,  7, 45, 10, 10,  9,  5,  9, 15, 40, 15, 55, 55, 14, 39, 31, 57, 30,
    45, 25, 42, 37, 43, 37,  4, 23, 48, 25, 55, 34, 57, 13, 45, 56, 41,  6, 48, 23, 23,  5, 28, 33, 15, 45, 47, 38,  7, 57, 18, 43, 12, 20,
    47,  8, 16, 51, 29, 16, 20, 49, 26, 35, 46, 53, 13, 30, 26, 30, 15, 24,  9, 21, 45, 40, 45, 54, 38,  8, 19, 54, 17, 11, 43, 56, 14, 48,
    24, 35, 49, 19, 20, 52, 26, 15, 19, 42, 42, 32, 54, 35,  9, 28, 28, 53, 21, 22, 37, 14, 42, 48,  7, 32, 11, 43, 27, 52, 48, 16, 45, 41,
     9, 56,  7, 13, 47, 37, 20, 25, 53, 53, 34, 29,  4, 28, 42, 20, 22, 39, 34, 32, 26, 49, 35,  7, 54, 33, 20, 50, 44, 56, 52, 42,  8, 56,
    27, 36, 39, 12, 14, 24, 10, 37,  5, 15, 26, 44, 19, 10,  8, 38, 44, 14,  7, 20, 31, 16, 14, 52, 19, 27, 23, 55, 23, 54, 29, 19,  8, 17,
    19,  6,  8, 12, 53, 11, 46, 16, 11, 53, 36, 15, 16, 30, 48, 22, 43, 14, 55, 51, 48,  4, 43, 21, 50, 39, 16, 54, 37, 16, 18, 41, 13, 19,
    45, 56, 54, 45, 27, 46, 53, 21, 44, 20,  7, 56, 19, 49,  8, 56, 20, 47, 53,  7, 17, 36, 18, 42, 24,  8, 51, 34,  5, 23, 48,  6, 56, 16,
    27,  6, 33, 23, 12, 19, 34, 13, 34, 48, 29,  8, 18, 10, 48,  9, 16, 51, 40, 52, 32, 32, 51, 24, 55, 18, 30, 38, 14, 22, 33, 14,  9, 50,
    35, 36, 57,  8,  6, 30, 54, 23, 11, 46, 25, 14,  5, 10, 45, 36, 19, 33, 21, 49, 56, 45, 25, 40, 49, 31, 37, 28, 53, 11, 35, 10, 44, 38,
    41, 44, 32, 56, 54, 27, 38, 11, 44, 20, 24, 12, 28, 16, 14, 56, 20, 22, 25, 29, 36,  6, 42, 54, 18, 51, 27, 45, 48, 42, 47, 20, 18, 27,
    20, 40, 15, 46, 12, 18, 41, 18,  9, 28, 17,  9, 11, 31, 28,  6, 26, 14, 27, 40, 46, 11,  9, 47, 50, 25, 39, 49, 27, 13, 38,  6, 21, 55,
    24, 41, 17, 52, 33, 44, 47, 50, 43, 13, 32, 33, 28, 40, 21,  8, 36, 33,  6,  7, 28, 47, 56,  6, 45, 42, 15, 51, 26, 37, 24, 34,  4, 29,
    24, 37,  7, 31, 31, 18, 46, 53, 53, 15, 48, 35,  9,  6, 28, 51, 34, 44, 12, 18,  7, 12, 15, 28, 32,  4, 21, 51,  5, 13, 47, 31, 12, 29,
    20, 22, 30, 41, 31,  9, 40, 14, 34, 54, 47, 47, 27, 18, 42, 46, 35, 44,  6, 48, 52, 49, 49,  5, 27, 34, 22, 39, 45, 34, 39, 49, 12, 16,
    21, 28, 10, 37, 12, 51, 14, 51, 46, 25, 18, 26, 33, 44, 36, 32, 33,  8, 11, 52, 40, 18, 22, 57, 42, 44, 51, 44, 22, 13, 13, 57, 32, 46,
     5,  4, 14, 33, 23, 34, 27, 47, 51,  4, 30,  7, 47,  8, 32, 57, 52, 37, 40, 16,  9, 13, 19,  4, 27, 27,  6, 18, 12, 26,  8, 24, 22, 44,
    13, 20, 40, 34, 27, 47, 15, 33, 54, 47,  7, 51, 50, 32,  8,  7, 10, 49, 26, 30,  6, 41, 27, 47, 51, 39,  5, 42, 22, 55, 49, 25, 39,  5,
    22, 18, 15, 24, 19, 53, 26, 33, 45, 44, 30, 12, 22, 26, 29,  7,  4, 16, 25, 17,  9, 36, 13,  7, 11, 12, 10,  8, 49,  4, 56, 10,  8, 13,
    42, 56, 37,  8, 57, 34, 34, 56, 54, 39,  7, 29, 25, 52, 21, 37, 20, 13, 42, 29, 14, 47, 57,  6, 23,  4,  7, 28, 28,  5, 24, 57, 43, 50,
    40, 56, 35, 18, 12, 45, 12, 46, 12, 57, 57, 40, 56, 14, 54, 37,  5, 47, 55, 17, 57, 19, 48,  8, 23, 44, 27, 25, 27, 36, 33,  5, 34, 23,
    10, 15, 28, 11, 37, 26, 53, 21, 54, 17, 47, 48, 34,  9],
   [ 9, 31, 40, 32, 15,  9,  5, 24, 32, 18, 14,  6, 40, 31, 40, 25, 23, 40, 29, 34, 32, 16, 22,  4, 16,  9, 22, 30,  5, 17, 25,  9, 34, 22,
    32, 15, 19, 31, 32, 13, 29, 34, 27, 21, 30,  8, 30, 15, 13, 27, 32, 33, 13, 15, 24, 15, 40, 23, 12, 21, 37,  8,  6, 32, 32, 32, 18, 36,
     5,  8, 11, 25, 32, 38,  9, 10, 22, 27, 10, 15, 20,  4,  7, 19,  7, 13,  7, 34, 11, 26,  4,  8,  4,  9, 16, 36,  6,  4, 15, 32, 31, 12,
     9, 40, 23,  7, 22, 37, 11, 20, 40,  7, 26, 33, 14, 25, 11,  4, 10, 10, 16, 27, 15, 14, 18, 35, 14, 37, 27, 31, 20,  6, 23, 34, 19, 37,
    31, 23, 32,  8, 14, 20, 12, 26, 37, 14, 26, 25, 30,  8, 33, 20, 39, 31, 18,  6,  4, 40, 11, 14, 27, 10, 23, 24,  4,  8, 17, 14, 40,  8,
    40, 36, 33, 37, 23, 18, 13, 40, 16, 36, 11,  7,  9, 18, 24, 39, 28, 23, 34, 32, 16,  9, 12, 30, 31,  5, 31, 27,  7, 40, 21,  8, 25, 10,
    32,  7, 30, 26,  6, 38, 27, 22,  6, 34, 12, 38, 36, 16, 22, 21, 31, 27, 15, 33, 12, 25, 21, 19, 39, 18, 32, 39, 29, 13,  7, 20, 33, 25,
     6, 24,  4, 30,  9, 20, 16,  9, 22, 17,  7, 21, 39, 18,  9, 18, 31, 15, 29, 39, 34, 35, 11, 22, 10, 16, 32, 22, 22, 21, 38, 12, 32, 40,
    24, 28, 23, 18, 18, 37, 14, 18,  4,  4, 30, 11,  6,  4, 17, 18,  8, 24, 34, 40, 28,  6, 17, 26, 39, 20,  7, 10, 12, 40, 35, 40, 21, 17,
    36, 27, 17, 19, 34, 38, 27, 40,  6, 40,  9, 14, 14, 15, 19,  9,  5, 21,  4, 21, 14, 10,  6, 21, 40, 38, 13,  4,  8, 13, 29, 34, 11,  7,
    17, 31, 23, 22,  8, 32, 36, 10, 31, 38, 13, 27, 14, 10, 19, 12, 40, 34, 36,  4, 27, 18, 26, 26, 13, 38, 23, 28,  7, 23, 33, 12, 39, 23,
    10, 24,  7, 21, 36, 31, 12,  8,  9, 13, 38, 15, 30, 13, 31, 10, 31,  8, 25,  5,  5, 16, 22, 16, 40, 24, 35, 15, 20, 35, 11, 23,  5, 23,
    24, 10, 39, 18, 15,  6, 39, 33, 24, 33, 32, 39, 39, 14, 16, 38, 13, 18, 18, 24, 26, 39, 23, 22, 10, 24, 18,  8, 15, 26,  4, 16,  5,  9,
    38, 29, 13, 37, 11, 31, 11, 29, 23, 11, 14, 32, 38, 16, 13, 22, 16, 12, 35, 26, 13, 28,  6,  8, 31, 39, 28,  8, 32, 20, 28, 33, 35, 21,
    37, 31, 31,  4, 22, 38, 15, 31, 12, 13, 23,  7,  5, 31, 22, 37, 18, 19, 28, 35, 27, 11, 10,  4, 12, 38, 33, 29, 40,  9, 40, 38,  7, 25,
    15, 10,  4, 35,  9, 14, 22, 25, 10, 36, 14, 34, 38, 19, 36, 38,  7, 32, 34, 34, 15, 24, 12, 31, 23, 33, 25,  7, 17, 15, 15,  5, 16, 40,
    17, 18, 40, 17, 23, 32, 13, 30, 18, 29, 17, 30, 27, 34, 17, 20, 38, 16, 16, 10, 33, 30,  8, 17, 17, 10, 10,  9, 31, 15,  8, 21, 18, 14,
    17, 19, 18, 29, 15, 33, 10, 16, 36, 14, 18,  9,  4, 32, 19, 29,  8, 37, 21, 34, 14, 39, 14, 20, 26, 26, 28, 18, 13, 25, 26, 15, 36,  4,
    35, 19, 23, 10, 37, 34, 11, 38, 36,  9, 18, 36, 35,  8, 21, 36, 34, 31, 32, 19, 33, 21, 32, 35, 31, 39, 22, 32, 38, 22, 26, 34, 27, 18,
    17, 37, 34, 27,  4, 30, 21, 15, 29,  4,  5, 36, 40, 28, 31, 28, 14, 40, 23,  7, 27, 15, 14, 33, 37,  8, 37, 20, 15, 15, 32, 29,  7, 30,
    28, 27, 14, 18, 10, 11, 22, 29, 28, 38, 36,  4,  8, 19, 10, 26, 12, 18, 29, 31, 11, 25, 40, 13, 10,  4, 34, 28,  7, 32, 15, 12, 22, 35,
    24, 18, 28, 21, 39, 27,  6, 28, 27,  4, 16, 16, 34, 35, 10, 19, 32, 17,  8, 17, 20, 21, 15, 16, 27,  5, 37, 28,  8, 19, 31, 25, 11, 40,
    18, 14, 23, 38, 39, 24, 32, 24,  6, 31, 18, 20, 29, 19, 33, 17,  7, 26, 27, 20, 24, 27, 14, 21, 35, 13, 22, 23, 18,  7,  9, 37,  5, 21,
    29, 16, 35, 33, 14, 40, 22, 31, 23, 40, 31, 21, 25, 26, 11,  5, 15, 17, 24, 16, 18, 40,  4, 38,  5, 27, 13, 26, 10, 18, 20, 32, 33, 13,
    10, 28, 23,  5, 29, 32, 16, 32, 23,  9, 34,  5, 36, 40, 21, 32, 33, 25, 13, 26, 12, 39,  7,  5,  7, 25, 36, 36, 17, 31,  4, 24, 17, 15,
    14, 16, 27,  6, 24,  6, 15, 22, 25, 33,  6, 40, 16, 36, 29, 17, 18, 29, 25,  9, 12, 24, 14, 15, 39, 15, 37, 30, 34, 36, 11,  8, 22, 12,
    31,  7, 10, 15, 20, 28,  9, 33, 22,  9,  5, 23,  9, 23,  6, 38, 25, 19, 33, 22, 32, 32, 29, 28, 13, 18, 28, 30, 12, 25, 13,  7, 12, 14,
    15, 28,  6, 29, 32, 35, 30, 35, 35, 27, 38, 12,  6, 20,  7, 22, 11, 30, 14,  4,  4, 37, 23,  9,  9, 20, 18, 14, 16, 16, 15, 39, 40, 26,
    15, 29, 17, 27,  9, 32, 24, 11, 35, 19,  5,  7,  6, 10, 19, 34,  4, 13, 13,  7, 27, 28, 10,  9, 18, 17, 25, 37, 27,  7, 11, 24,  6, 33,
    13, 39, 36, 32, 35, 36, 20,  7,  5, 30, 34, 40, 34, 37],
   [ 6, 39, 54, 46, 23, 44, 50, 51, 12, 18, 36, 13, 45, 47, 55, 10, 10, 32, 18, 28,  5, 23, 47, 42, 33, 33, 52, 30, 21, 32, 32,  7, 15, 25,
    40, 17, 33, 28, 11,  8, 47, 18, 21, 42, 50, 55, 29, 32, 46,  4, 56, 50,  9, 10, 11, 14, 44, 10, 29, 33,  5, 29, 46, 32, 54, 50, 41, 16,
    46, 26, 33, 10,  6, 56, 37,  8, 29, 58, 48, 51, 42, 48,  5, 15, 38, 47,  7, 11, 58,  5, 28, 58, 36,  6, 31, 32, 16, 37, 39, 21,  7, 24,
    58, 26, 21, 32, 28, 47, 52, 41, 47,  7, 21, 19, 48, 17, 54, 53, 12,  8, 41, 56, 14, 11,  7, 31, 18,  4,  8, 36, 57, 34, 30,  6, 43,  6,
    58, 47, 59, 14, 42, 32, 34, 51, 59, 22, 54,  5, 13, 19,  6, 49, 57, 47,  7, 31, 42, 59, 20, 32, 17, 33, 11, 35, 55, 13, 48, 13, 40, 20,
     5, 56,  6, 55, 11, 43, 24,  8, 41, 28, 12, 50, 40, 59, 17, 19, 40, 25, 43, 46, 12, 26, 57, 14, 39, 18, 25, 42, 38,  7, 53, 28, 59, 18,
     5, 40, 34, 51, 35, 47, 29, 35, 44,  5, 55, 43,  8, 30, 34, 10, 41, 12, 22, 36, 19, 14, 46, 58, 31, 45, 37, 13, 34, 59, 55, 11, 29, 27,
     9, 56, 49, 22,  7, 56, 26, 34, 55, 35, 30, 49,  4, 15, 36, 16, 45, 39, 42, 24, 37, 38, 21, 24, 30, 31, 52, 29,  7, 38,  9,  9, 27, 10,
    36, 36, 37, 51, 16, 14, 36, 59, 59, 37, 19,  7, 19, 46, 35,  6,  4,  4, 41, 41,  8, 44, 37, 57, 38, 35, 31, 42, 22,  5, 11, 31, 41, 37,
    46, 19, 13, 22, 59, 40, 16, 46, 32, 46, 23, 29,  9, 36, 42, 24, 56, 45, 28, 59, 36, 27,  6, 28, 38, 42,  8, 17, 50, 16, 32, 51, 52, 59,
    49, 38, 27, 42, 18,  5, 39, 25, 38, 31,  5, 28,  9,  5, 31, 20, 59, 38, 41, 47, 34, 47, 23, 23, 16, 39, 33, 34, 22, 19, 52, 40, 32, 39,
    30, 21, 54, 57, 41, 14, 37, 42, 41, 28,  7, 36, 40,  7, 29, 36, 55,  4, 48, 18, 13, 34, 12, 44, 43, 29, 29,  4, 12, 18, 26, 11, 28, 45,
    53, 51, 47, 16, 14, 24, 46, 17, 16, 14, 39, 28, 22, 18, 28, 47, 27, 58, 39, 51,  8,  7, 58, 49, 56,  8, 29, 14, 38,  9, 59, 19, 34, 37,
    28, 39, 47, 15, 50,  8, 12, 20, 35,  9, 22, 20, 41, 15, 12,  8, 49, 13, 43, 33, 39, 26, 57, 38, 15, 21, 16,  4, 27,  4, 50, 39, 34, 14,
    49, 24, 35, 46, 34, 47, 10, 34, 47, 27, 28, 14, 33, 44, 50, 36, 28, 34, 13, 42, 15, 35, 29, 55, 31, 32, 28, 53, 28, 16, 22, 16, 48, 11,
    30,  7, 45, 17, 16, 23, 20, 56, 44, 45, 23, 55, 39, 13, 52, 33, 50, 55, 34, 12, 17, 58, 45, 51,  6, 27, 49, 17, 51, 37, 44, 38, 55, 14,
     7, 13, 19, 46, 41, 32, 57, 52, 57, 27, 39, 21, 23, 19, 18, 47, 11, 25, 48, 47, 56, 35, 48, 53, 10, 31, 23, 22, 30, 29, 54,  8, 23, 42,
    50, 57, 57, 54, 18, 53, 13, 52, 31, 45, 41, 56, 41, 40, 47, 14, 54, 54, 41, 15, 38, 14,  7, 51,  5, 21, 51, 49, 42,  7, 40, 29, 48, 46,
    29, 30, 38, 45, 24, 48, 58, 47, 16, 42, 42, 39, 51, 37, 26, 44, 31, 31,  9, 16, 49, 41, 11, 31, 40,  9, 56, 30, 41, 13, 51, 57, 33, 25,
    38, 59, 57, 43, 11, 14, 14, 18, 56, 38, 21, 39, 36, 20, 19, 18, 29, 24, 49, 26, 27, 44, 53, 42, 50, 39, 20, 49, 30, 21, 25, 26, 19, 51,
    38, 56, 52, 54, 20, 46, 24, 18, 41, 35, 57,  7, 32, 27,  4, 32,  6, 58, 40, 27, 12, 36, 14, 45, 46, 36, 21, 14, 27, 12, 40, 57, 34, 44,
    41, 24, 43, 19, 23, 12, 48, 19,  8, 53, 33,  4, 34, 50, 29, 28, 54, 26, 36, 16, 17, 28, 49,  8,  9,  5, 59, 47, 39, 40, 22, 13, 57, 43,
    16, 59, 13, 28, 17, 57, 32, 11, 12, 11, 53, 51, 10, 21, 49, 12, 16, 38, 39, 14, 36, 51, 40, 38,  8, 40, 32, 19, 36, 53, 36, 23, 13, 55,
    25, 59, 16, 29, 39, 18, 18, 51, 57, 57, 31,  9, 16, 56, 59, 19, 10, 50, 34, 11, 23, 26, 25, 12, 58, 44, 25, 46, 55, 12, 50, 20, 50, 31,
    45, 31, 57, 54, 46, 38, 55, 21, 23, 36, 35, 12, 59, 21, 13, 20, 52, 16, 26, 14,  5, 13, 43, 14, 44, 28, 55, 35, 34, 42, 50, 16, 32,  7,
    17, 32, 50, 17, 42, 51, 58, 49, 23, 41, 50, 48,  9, 16,  7, 11, 25, 48, 10, 13, 42,  5, 28, 22, 49, 31, 43, 31, 26, 52, 47,  8, 18, 22,
    50, 53, 30, 45, 26, 54, 15, 15, 15, 18, 41, 39, 52, 20, 11, 56, 36, 58, 22, 50, 31, 53, 49, 54,  5, 10, 46, 19, 25, 56, 31, 11, 45, 15,
    29, 36, 38, 14, 10, 50, 20, 56, 27, 51, 33, 34, 40, 54, 23, 20, 29, 23, 20, 57, 56, 19, 37, 31, 57, 31, 45, 56, 33, 21, 44, 55, 54, 56,
    59, 53, 31, 30, 12, 28,  6, 10, 14,  8, 24, 19, 30, 46, 19, 53, 41,  9, 10, 13,  9, 21,  5, 49,  9,  5, 23, 34, 36, 33, 15, 10, 11, 18,
    45, 56, 58, 47, 22, 47, 15, 24, 30, 36, 38, 32, 36, 20],
   [32, 19, 36, 32, 42, 37, 35,  5, 37, 17, 17, 22, 35,  8, 23, 11, 19, 20, 33, 23, 29, 37, 41, 26, 42, 31, 39, 25, 12, 40, 33, 19, 11,  7,
    33, 22, 43, 25, 33, 25, 42, 17, 17, 27, 37,  5,  4, 34, 25, 12, 39,  7, 30, 32, 29, 35, 15, 10, 24, 17, 41,  6, 31, 43, 24, 30, 36, 27,
    33, 14,  8, 41, 21, 29, 28, 11,  9, 26, 10, 13, 15, 23, 17,  4, 39, 22,  6, 14,  9,  9, 24, 25, 11, 23, 17, 24,  8, 39, 27, 18, 35, 31,
    26, 32, 29, 25, 23,  5, 35, 37, 36, 10, 29, 10, 24, 12, 42, 43,  6, 35, 23, 15, 37, 21, 30, 37, 27, 24, 33, 39, 35, 11,  5, 18, 24,  5,
    43, 28, 21, 33, 21, 22,  7, 13, 10, 22, 39, 10, 12, 30,  6, 19, 13, 20,  9, 39,  8, 22, 35, 24, 14, 31, 34, 31, 17, 19, 30, 34, 24, 10,
    21, 37, 16, 31, 14, 40, 34,  4,  8, 22,  8, 22, 16, 36, 24, 26, 25, 29, 24, 43, 15, 13, 13, 40, 37, 30, 16,  4, 35, 42, 36, 14, 15, 17,
    18, 15, 40,  5, 31,  4, 20,  8, 14, 28, 21,  8, 21, 40, 13, 41, 24, 38, 10, 34, 10, 28, 18,  7, 22, 13, 26, 22, 35, 34, 34, 12,  6, 38,
    17, 40, 10, 43, 15, 13, 18, 30, 41, 25, 15, 33, 40, 13, 30, 41, 21, 18, 18, 13,  4, 19, 20, 35, 38,  7, 25, 15,  4, 41, 24, 10, 34, 28,
     9, 23, 27,  4, 28, 12, 42, 15, 28, 19,  6,  6, 25, 19, 30, 42,  5, 40, 30, 25, 41, 12, 11, 36, 25,  8, 23, 35, 30, 27, 33, 29, 32, 40,
    13, 35, 29, 11, 31, 18, 33,  9, 20, 41, 38, 16, 42, 42, 12, 15, 26, 30, 31,  4, 10, 33, 13, 22, 28, 23, 35, 16, 20, 22, 12, 36, 28, 38,
    24, 35,  4, 31, 27, 35, 14, 26, 41, 38, 42, 36, 40, 39, 34, 25, 19, 29, 34, 31, 17, 29, 11, 24, 26, 21, 19, 13,  6, 39, 30,  5, 26, 43,
    24, 32, 39, 27,  6, 43, 34, 43, 26, 29, 23, 13,  4, 31, 30, 23, 18,  5, 27, 31,  8, 15,  8, 14,  7, 38,  4, 32,  6, 37, 29, 13, 28, 35,
     9, 37, 29, 38, 13, 34, 25, 21, 38, 37, 35, 10, 19, 21, 12, 15, 33, 18, 43, 13, 40, 25, 41, 16, 11, 30,  8, 15, 15, 39, 15, 42, 17, 27,
    15, 21,  9, 29,  8, 41, 34, 20, 41, 10, 42, 34,  9,  8, 21, 12, 10, 24, 29, 24, 37, 42, 42, 22,  6, 33, 12, 23, 30, 28, 31, 15, 24, 10,
    27, 43, 10, 37, 24, 27, 25, 18, 18, 16, 35, 38, 43,  8, 23, 20, 18, 25, 41, 37, 25,  5, 34, 11, 16, 16, 12,  6, 24, 27, 19,  4, 41, 30,
    37,  8, 41, 39,  5, 22, 14, 41, 10, 35, 36, 35, 14, 22, 41, 14, 36, 12, 41, 29, 25, 40, 42, 24, 10,  8, 11, 12, 17, 11,  6, 25, 29,  7,
    28, 10, 43, 30, 26, 17, 27, 33, 35, 32, 29, 12, 27, 30, 40, 38, 31, 21, 43, 21,  6, 12, 26, 15,  8, 11, 36,  9, 39, 37, 10, 29, 16, 33,
    29, 34,  4, 16,  8, 23, 28, 11, 31, 39, 30, 33, 11, 13, 29, 16, 43, 18, 35, 22, 22, 13, 37, 13,  5, 38, 24, 18, 34, 10, 23, 39, 13, 21,
    30, 17,  4, 39, 10, 22,  7, 13, 42, 18, 40,  5,  6, 39, 28, 36, 39, 18, 41,  5, 17, 18, 13, 32, 16, 14, 27, 30, 17, 14, 21, 37,  4, 43,
    32,  4, 26, 30, 30, 11, 25, 41, 38,  5, 13, 14, 43, 11, 37, 15,  5, 23, 38, 43, 21,  4, 26, 32, 21, 19, 21, 28, 16, 17, 32, 19, 30, 41,
    27, 13, 18, 16, 29, 25, 18, 35, 30, 16, 13, 32, 39, 28, 42,  5, 18, 35,  5, 31, 43, 41, 39, 38, 13,  5, 31, 26,  8, 42, 11, 30,  4, 40,
    11, 12, 41, 35,  5, 29, 41, 18, 28, 13,  8, 33, 14, 27, 30,  4, 31, 34, 12, 30, 10, 22,  4, 26, 22, 30, 29, 43, 31, 36, 36, 15, 42, 23,
    12, 24, 38, 39, 26, 19, 37, 21, 25,  4, 39, 35, 40, 21, 11, 23, 19, 14, 27, 29, 31, 21, 29, 17, 36, 34, 24, 41, 36, 27, 15, 20, 29, 10,
    34, 24,  5, 15,  5, 35,  6, 36, 12, 28, 33, 16, 23, 35, 30, 11, 26, 18, 17, 40, 14, 20, 27,  4, 12, 29, 10, 41, 22,  9, 18,  7, 24, 24,
     4, 31, 32, 23,  8, 14, 20, 15, 40, 21, 28, 40,  7, 36, 21, 37, 30, 32, 12,  5, 30,  7, 33, 21, 39, 10, 40, 18, 41, 21, 12, 29, 40, 15,
    38, 33, 38, 16, 33, 11, 33, 30,  7, 25, 11, 28, 12,  5,  7, 41, 16, 24, 32, 24, 10, 15, 41, 41, 17, 41, 39, 11, 39, 34, 12, 11, 26,  7,
    36,  5, 31, 33, 43, 25, 16, 35, 17, 39,  4, 41, 10,  6, 22, 33, 15,  7, 13,  9, 30, 39, 43,  5, 33, 30, 19, 22,  8, 19, 22, 32, 19, 43,
    29, 26,  8,  8, 18, 34, 23, 17,  6, 39, 36, 41, 39,  5,  5, 35, 43, 19, 42, 21, 37,  6, 29, 43, 21, 36, 41, 33, 40, 43, 13, 11, 23, 35,
    10, 39, 22, 22, 27,  7, 22, 28, 16, 12, 15, 15, 37, 16, 15,  5, 39,  7, 18, 38, 34, 27, 22, 20,  6,  4, 39, 11, 12, 41,  5, 21, 28, 10,
    25, 10,  7, 21, 20, 28, 22, 42, 27, 29, 10, 33,  5, 28],
   [37, 46, 28, 16, 12,  9, 11, 15, 48, 49,  8, 20, 48, 30, 49, 13, 39, 36, 41, 32, 52, 40,  9, 34, 12, 23, 46, 40, 50, 31, 23, 29, 34, 12,
    22, 16, 22, 49, 47, 47, 39, 35, 42, 37, 57, 19,  9, 55, 51, 16, 26, 14, 45, 38, 35, 37, 55, 32, 48, 40, 15, 17, 33, 50, 38, 51, 31, 24,
    49, 21, 34, 39, 48, 52,  7, 52, 12, 14, 35, 37, 23, 21, 36, 56, 51, 15, 13, 23, 47,  7, 56, 57, 45, 21, 14, 39, 11, 28, 27, 50, 41, 55,
    42, 35,  6, 55, 26, 50, 13,  8, 34, 46, 14, 26, 15, 57, 16, 48, 38, 49, 40, 29, 20,  9, 21, 45, 14, 56, 51, 55, 52, 25, 46, 25, 15,  7,
    16, 40, 31, 19,  9, 46, 12, 25,  6, 27, 40, 10, 32, 43, 40, 23, 38,  8, 43,  8,  7, 35, 24, 48, 33, 53, 25, 15, 51, 11, 30, 31, 17, 15,
    36, 47, 35,  9, 36, 48, 48,  6, 44,  6, 27, 37, 44, 17, 32, 52, 32, 57, 48, 56, 43, 21, 52, 15, 21, 47, 10, 32,  9, 43, 34, 31, 42, 22,
    29, 13, 16, 31, 41, 51, 45,  7, 16, 30, 46, 29, 38, 39, 51, 38, 11, 36, 23, 39, 45, 44, 17, 39,  9, 12, 33, 18, 47, 12, 23, 50, 26, 39,
    46, 14, 22, 40, 57, 12, 45, 52, 34, 48, 52, 19, 25, 49, 29,  9, 51,  6, 18, 21, 57, 11, 44,  7, 11, 56, 16, 40, 31, 35, 46, 37, 52, 57,
    54, 10, 16, 36, 17, 16, 34,  9, 28, 43, 24, 26, 19,  7, 30, 13, 14, 12, 31, 51, 24, 44, 28, 53, 54, 43, 46, 45, 29, 15, 26, 30, 18, 21,
    46,  9, 47, 23, 18, 52, 57, 12, 10, 20, 45, 22, 51, 13, 46, 13, 55, 16, 31, 51, 14, 39, 52, 21, 16,  6, 19, 30, 56, 12, 13, 28, 35, 12,
    51, 10, 29, 30,  6, 19, 27, 27, 48, 26, 33, 16, 23, 10,  6, 26, 17,  9, 42, 37, 53, 55, 53, 13, 19, 34, 55, 49, 23, 33, 22, 38, 18, 47,
    16, 36, 40, 44, 48, 26, 10, 26, 31, 23, 47,  8, 36, 25, 49, 23, 23, 33, 54, 50, 13, 14, 23, 31, 46, 21, 53, 18, 33, 24, 15, 25, 47, 52,
    40, 31, 18, 18, 44, 23, 14, 26, 29, 29, 23, 12, 15, 56, 33, 56, 40, 49,  7, 30, 41, 11, 26,  9, 36, 53, 43, 25,  9, 18,  9, 30,  8, 19,
    14, 33,  7, 11, 46, 44, 30, 33, 29, 37, 41, 53, 49, 13, 20, 38, 30, 54, 34, 23, 43, 10, 31, 53, 56, 11, 42, 28, 20, 33, 45, 11, 34, 23,
    22, 46, 33, 11, 11, 44, 15, 24, 51, 40, 38, 29,  6, 54, 12, 35, 23,  9, 18, 44, 42, 32, 33, 41, 21, 55, 39, 45, 53, 52, 36,  8, 45, 28,
     9, 25, 36, 49, 51, 24, 44, 33, 29, 44, 28, 56, 55, 18, 40, 19, 19, 15, 35, 51, 18, 24, 20, 17, 57, 46, 45, 17, 22, 43, 38, 19, 51, 39,
    20, 35, 24, 40, 50,  6, 43, 10, 37, 22, 39, 10, 48, 55, 22,  9, 28, 21, 28, 35, 48, 10, 28, 20, 32, 28, 43, 11, 29, 53, 56, 45, 55, 38,
    12, 22, 49, 56, 20,  7, 21, 25, 43, 52, 20, 56, 11, 51, 30, 20, 51, 54, 19, 57, 18, 24, 55, 12, 46, 33, 56, 46,  8, 51, 53, 23, 54, 41,
    47, 43, 22, 14, 57, 28, 46, 51, 17, 49, 57, 41, 50, 13, 42, 51, 52, 17, 12, 21, 50, 50, 47,  7, 28, 57, 41,  7, 31, 52, 51, 25, 44, 34,
    33, 43, 47, 19, 21, 53, 49, 17, 27, 15, 40, 42, 21,  7, 18, 48, 43, 19, 40, 46, 33, 18, 22, 35, 28, 38, 44, 37, 34, 30, 39, 21, 42, 40,
    27, 48, 55, 30, 19,  9, 20, 33, 17, 46, 48, 35, 48, 34, 16, 43, 44, 16, 11, 48, 52, 22, 10, 16, 41,  9, 16,  9, 54, 10, 17,  6, 36, 46,
    45, 27, 56, 36, 12, 46, 33, 38, 41, 46, 26, 33, 24, 19, 14,  9, 52, 18, 50, 38, 42, 53, 49, 20, 35, 20, 40, 57, 29, 25, 35, 52, 15, 20,
    47, 10,  7, 33, 30, 28, 24, 13, 27, 39, 17, 49, 33, 42, 26, 30, 25, 28, 19, 55, 11, 12, 28, 46, 24, 46, 50, 31, 27, 36, 18, 13, 13, 30,
     9, 36, 57, 49, 26, 15,  6, 35, 52, 19, 30, 50, 44,  7, 24, 21,  9, 30,  9, 32, 27, 41, 43, 32, 54, 40, 55, 19, 53, 33, 52, 36, 51, 44,
    23, 24, 39, 36, 48,  9, 26, 46, 45, 17, 22, 55, 10,  9, 38, 52, 49, 35, 12, 57, 22, 43, 21,  7, 17, 14, 37, 13, 22, 19, 18, 38, 44, 30,
    55, 16, 35, 18, 51, 56, 36, 12, 55, 37, 30, 17, 42, 54, 53, 22, 46, 29, 25, 37, 16, 16, 27,  6,  9, 48, 27, 41, 42, 43, 19, 40, 37,  7,
    54, 14, 49, 54, 43, 21, 26, 12, 48, 12, 17, 14, 29, 24, 35,  8,  9, 12, 35,  6, 45, 37, 11, 43, 38, 31, 49, 45, 46, 37, 24, 21, 26, 28,
    50, 41, 42, 47, 26,  7, 33, 19, 22, 40, 45, 33,  7, 50, 21, 11, 39, 13,  7, 20, 50, 30, 17, 14, 53, 29, 27, 42, 28, 39, 54, 30, 15, 38,
    47, 13, 39, 25, 35, 27, 25, 29, 17, 15, 13, 15,  8, 45, 24, 37, 15, 26, 10, 11, 10, 25, 51, 53, 47, 53, 36, 57,  9, 10, 41, 54, 19, 14,
    50, 50, 25, 20, 38, 24, 45, 54, 16, 27, 14, 47, 34, 43],
   [33, 10, 19, 12, 42, 26, 36, 39, 34, 12, 21, 29, 24, 34, 35, 45, 32, 13, 46, 36, 27, 34, 20, 16, 15, 29, 12, 25, 36, 34, 22, 31, 17, 36,
    43, 40,  9, 12, 16, 25, 16, 11, 24, 20, 13, 16, 18, 42, 39, 14, 23, 28, 36, 25, 11, 34, 45,  9, 27, 29, 15, 23, 39, 22, 46, 23, 21, 17,
    25, 35, 17, 13, 31, 43, 22, 36, 38, 11, 24, 16, 25, 16, 33, 42, 19, 19,  9, 36, 22, 11, 39, 40, 45, 24, 41, 12, 44, 38, 12, 35, 42, 45,
    23, 12, 43, 37, 22, 20, 40, 22, 40, 26, 36, 13, 18, 12, 42, 34, 20, 43, 26, 43, 25, 22, 17, 30, 26, 41, 34, 29, 43, 25, 22, 25, 31, 42,
    15, 10, 14, 41, 37, 28, 32, 27, 39, 23, 25, 37, 20, 17, 34, 41, 11, 23, 45, 40, 46, 28, 20, 21, 43, 22, 31, 43, 22, 43, 12, 11, 13, 25,
    11, 44, 15, 37, 24, 40, 24, 27, 12, 21, 18, 15,  9, 23, 24, 45, 41, 23, 41, 31, 33, 20, 44, 30, 45, 40, 38, 46, 20, 46, 17, 38, 21, 39,
    23, 25, 21, 32, 41, 33, 27, 46, 18, 43, 11, 11, 35, 28, 34, 31, 22, 18, 14, 34, 32, 13, 15, 15, 29, 15, 35, 24, 32, 39, 31, 30, 30, 41,
    35, 10, 34, 11, 35,  9, 41, 27, 35, 37, 44, 34, 30, 16, 35, 39, 22, 19, 32, 12, 19, 31, 39, 27, 32, 30,  9, 11, 21, 26, 13, 37, 30, 17,
    15, 10, 27, 10, 30, 25, 25, 37, 46, 10, 23, 18, 41, 38, 14, 12, 24, 34, 23, 45, 40, 21, 34, 27, 39, 23, 46, 30, 46, 32, 44, 20, 16, 33,
    20, 20, 46, 37, 19, 23, 29, 46, 42, 23, 14, 26, 23, 38, 17, 28, 36, 10, 30, 34, 20, 21, 12,  9, 24, 23, 40, 15,  9, 19, 44, 13, 40, 24,
    31, 35, 29, 22, 36, 39, 41, 33, 43, 15, 32, 18, 11, 18, 44, 25, 34, 23, 45, 20, 30, 13, 11,  9, 41, 11, 19, 22, 31, 33, 23, 23, 20, 17,
    39, 36, 14, 22, 36, 24, 12, 13, 21, 19, 27, 43, 26, 17, 34, 33, 26, 31, 45, 36, 34, 31, 28, 11, 26, 24, 36, 13, 21, 44, 28, 44, 43, 32,
    35, 29, 38, 25, 45, 31, 41, 15, 36, 40, 20, 13,  9, 11, 19, 22, 14, 17, 32, 19, 29, 19, 34, 16, 21, 40, 44, 24, 27,  9, 16, 46, 23, 10,
    32, 39, 29, 37, 13, 32, 14, 39, 10, 16, 25, 19, 37, 15, 29, 39, 30, 10, 17, 30, 34, 20, 39, 28, 23, 24, 39, 45, 36, 23, 14, 26, 27, 45,
    37, 36, 34, 18, 33, 17, 21, 12, 43, 42, 44, 26, 21, 42, 21, 20, 22, 30, 44, 22, 13, 18, 35, 36, 32, 12, 41, 43, 15, 23, 35, 28, 32, 19,
    35, 40, 10, 33, 42, 27, 30, 29, 38, 21, 12, 36, 40, 12, 11, 45, 18, 35, 46, 19, 27, 19, 21, 24, 21, 10, 31, 11, 39, 35, 44, 21, 32, 26,
     9, 27, 32, 44, 22, 16, 16, 13, 10, 12, 24, 27, 13, 27, 16, 20, 15, 33, 18, 25, 46, 23, 21, 11, 30, 44, 22, 23, 37, 37, 15, 24, 38, 46,
    36, 18, 22, 15, 15,  9, 22, 31, 39, 31, 30, 24, 42, 29, 19, 42, 30, 28, 17, 44, 11, 23, 16, 29, 15, 26, 33, 37, 27, 33, 10, 34, 18, 32,
    19, 43, 13, 30, 38, 28, 21, 20, 26, 35, 42, 14, 23, 39, 11, 46, 40, 16, 20, 15, 13, 25, 10, 22, 33, 30, 37, 27, 24,  9, 40, 41, 25, 45,
    10, 28, 28, 15, 44, 17, 12, 11, 23,  9, 34, 16, 22, 29, 41, 26, 22, 26, 38, 19, 18, 27, 28, 38, 32, 14, 46, 30, 13, 26, 27, 32, 23, 27,
    24, 13, 23, 45, 40, 42, 39, 27, 32, 19, 35, 27, 16, 24, 43, 40, 25, 11, 13, 42, 14, 45, 42, 18, 13, 32, 13, 40, 44, 10, 36, 33, 45, 25,
    25, 12, 20, 27, 39, 26, 39, 36, 37, 12, 28, 43, 46, 35, 29, 35, 20, 29, 31, 39, 27,  9, 36, 10, 35, 36, 12, 20, 16, 44, 31, 30, 46, 24,
    30, 40, 18, 43, 26, 22, 14, 17, 37, 14, 17, 28, 22, 14, 11, 15, 39, 28, 23, 42, 45, 41, 22, 39, 17, 32,  9, 44, 45, 13, 30, 10, 22, 43,
    24, 18, 12, 23, 46, 34, 36, 17, 27, 46, 25, 19, 27,  9, 24, 39, 46, 19, 18, 30, 27,  9, 23, 40, 28, 18, 15, 30, 45, 28, 11, 29, 37, 36,
    24, 39, 22, 18, 18, 19, 20, 26, 17, 31, 24, 25, 46, 39, 21, 10, 44, 14, 41, 37, 15, 25, 20, 31, 27, 46, 39, 18, 17, 16, 39, 28, 44, 27,
    44, 27, 15, 22, 18, 41, 46, 21, 45, 30, 45, 22, 16, 45, 20, 31, 41,  9, 35, 31, 17, 18, 28, 23, 37, 39, 21, 35, 44, 18, 25, 40, 26, 36,
    27, 33, 38, 13, 43, 37, 32, 39, 20, 12, 11, 19, 13, 28, 37, 41, 20, 22, 29, 41, 44, 38, 11, 39, 36, 26, 14, 26, 22,  9, 22, 45, 20, 20,
    18, 29, 43, 42, 14, 36, 17, 11, 33, 11, 45, 14, 40, 43, 43, 13, 34, 33, 38, 27, 14, 25, 24, 39, 35, 17, 32, 31, 10, 42, 38, 24, 40, 40,
    25, 15, 28, 26, 31, 36, 44, 13, 45, 46, 30,  9, 14, 46, 45, 38, 19, 22, 21, 33, 17, 26, 43, 16, 39, 24, 11, 20, 35, 46, 24, 42, 33, 36,
    22, 32, 43, 19,  9, 21, 11, 22, 33,  9, 38, 43, 44, 29],
   [40,  6, 35, 34,  8, 28, 44, 38, 29, 32, 29, 20, 38, 16, 37, 14,  8, 41, 10, 27, 14, 49, 37,  6, 26, 43, 20, 46, 40, 15, 28, 47, 41, 19,
    11, 32, 30,  7, 12,  5,  8, 39, 48, 10, 48, 28, 13, 37, 39, 49, 28, 16, 45, 32, 27, 14, 15, 25, 17, 35, 15, 13, 10, 22,  6, 20, 43, 19,
    14, 45,  6, 24, 31, 47, 26, 36, 18,  5, 39, 37, 10, 12, 24, 28, 11, 34,  5, 30, 24, 22,  5, 27, 36, 29, 42, 31, 45, 45, 15, 18,  5, 47,
     6, 29, 12, 33, 28, 24, 11, 45, 41, 36, 23, 41, 46, 24, 24, 11, 37,  6, 35, 29, 28, 27, 46, 46, 38, 11, 28,  7, 20, 23, 22, 31, 16, 15,
     5, 36, 10, 39, 46, 29, 49, 46,  7, 27, 21, 37, 44,  8, 27, 37, 37, 29, 42, 34, 27, 14, 25, 14, 13, 22,  9, 23, 32, 16,  7, 26, 37, 26,
    17, 15, 31, 20, 31, 49, 19, 44, 43, 44, 40, 32, 11, 47, 30, 47, 29, 44,  7, 36, 28, 18,  5, 37, 45, 14, 23, 44, 40, 19, 39,  5, 46, 43,
     8, 35, 38, 32, 36, 38, 13, 19, 45,  6, 44, 22, 28,  7, 31, 43, 36, 37, 28, 16, 27, 23, 12, 41, 47, 18, 16, 38, 35, 48, 21, 30,  8, 13,
     7, 23, 42, 33, 41, 10, 27, 17, 43, 44, 18, 24, 47, 38, 44, 17, 39, 43, 13, 17, 22, 12, 32, 31, 15,  8, 48,  6, 27, 31, 14, 33, 26, 11,
    49, 22, 25, 29, 33, 33, 39, 21, 25, 30,  8, 44, 29, 28, 12,  7, 35,  9, 45, 21, 42, 14, 44, 43, 30, 49, 37, 12, 31, 14, 22, 48, 41, 35,
    16, 41, 20, 20, 22, 39, 26, 18, 44, 24, 13, 31, 26, 11, 21, 25, 20, 21, 38, 38, 44, 12,  8, 13, 49, 11, 45, 32, 30, 26, 32, 45, 40, 47,
    40, 22, 29, 19, 37, 39, 41, 30,  6, 47, 49, 49, 18, 20, 41, 47, 13, 20, 43,  5, 42, 46, 23, 14, 20, 32, 45, 49, 10, 45, 46, 30,  8,  6,
    47, 37, 46, 40, 30, 20, 49, 22, 15, 42, 47, 20, 12, 18, 13, 11, 38, 41,  6, 49, 29, 15, 26, 30, 19, 34, 13, 42, 27,  7, 45, 32, 14, 40,
    32, 30, 39, 17, 35, 22, 24, 18, 44, 33, 46, 39,  9, 44, 35, 25, 36, 48, 19, 31, 42, 44, 13, 32, 39,  8, 10, 22, 19, 18,  5, 45, 48, 42,
    33, 29, 24, 34, 34, 12, 13, 37, 35, 35, 42, 30, 23, 47, 26,  5, 18, 36, 38, 27, 49, 10, 13, 17, 12, 28, 45, 29, 33, 25, 48, 41, 11, 28,
    21, 11, 43, 47, 11, 43, 10, 49, 36, 24, 37, 42, 20, 30, 21, 21, 21, 24, 30, 12, 12, 47, 34, 27, 22, 40, 38, 19, 37, 10, 13,  5,  8, 49,
    23,  9,  7, 37, 22, 38, 49,  6, 17, 42, 14, 39, 25, 38, 36, 43, 33, 12, 13, 28, 10, 49, 44, 37, 48, 48, 48,  7, 27, 27, 26, 37, 48, 47,
    26,  5, 44, 30, 44, 35, 42, 14, 32, 30,  7, 24,  7, 43, 13, 12, 38,  7, 35, 39, 20, 17, 49, 31,  6, 23, 26, 29, 45, 23, 23, 24, 42, 42,
    41, 11,  7, 38, 19, 25, 45, 37, 36, 38, 12, 30,  6, 18, 31, 40, 34,  7, 28,  7, 45,  9, 13, 15, 35, 15, 41, 28, 38, 43, 10, 36,  8,  6,
    28, 27, 32,  7,  8, 41, 11, 40, 43, 16, 25,  6, 21, 44, 29, 35,  5, 23, 16, 14, 16, 11,  8, 37, 25,  5, 47, 26, 19, 12, 36,  5, 45, 41,
    31, 30,  7, 44, 41,  7, 12, 14, 48, 35, 32, 17, 32, 17, 36, 11, 42,  8,  6, 46,  9, 44, 24, 28, 42,  6, 37, 39, 34,  6, 34, 29, 28, 10,
    49, 21, 35, 24, 15, 45, 40, 10, 29, 27, 45, 38, 33,  6, 40, 40, 47, 21, 24,  9, 16, 15, 11, 17, 36,  9, 48, 28, 14, 27, 31, 48, 42, 33,
    49, 47, 14, 30, 43, 20, 38, 17,  5, 16, 36, 41, 39, 34,  6, 46, 19, 18, 49,  5, 11, 16, 37, 45, 48,  5,  8, 19, 17, 31, 11,  5, 36, 45,
    36, 45, 31, 45,  6,  6, 46, 10, 24, 34, 30, 36, 47, 44, 38, 37, 23,  6,  5, 31, 31, 32,  8, 29,  8, 25,  6, 29, 36, 34, 45, 18, 28,  5,
    17, 14, 37, 17, 36, 49,  9, 40, 32, 38, 30, 22, 11, 39,  5, 42, 38,  6, 48, 30, 21,  5, 34, 40, 47, 49, 46, 34, 39, 21,  7,  6, 19, 17,
    31, 27, 42, 32, 18,  9, 19, 33, 34, 44, 13,  6, 47, 48, 39, 49, 49, 36, 28, 41, 17, 20,  7, 14,  9, 47, 12, 12, 47, 45, 42, 33, 37, 26,
    48, 48, 17, 17, 21, 40, 24, 46, 10, 25, 45, 27, 26, 16, 12, 40, 29, 26, 34, 13, 13, 11, 37, 14, 14, 38,  7, 25, 15, 17, 30, 23, 43, 19,
    11, 35, 12, 30, 35, 40, 37, 22, 30, 25, 48,  7,  7, 35, 19, 45, 45, 38, 23,  8,  9, 32, 26, 44, 38,  9, 32, 16, 21,  6, 46, 49, 31,  9,
    41, 28, 21, 34,  8,  5, 14, 15, 46, 17, 25, 34, 18, 11, 30, 32, 15, 44, 19, 46, 32, 12, 24, 20,  5, 16, 25, 42,  6, 10, 48, 14, 37, 18,
    36, 23, 16, 20, 31, 48, 40, 33, 39, 38,  7, 17, 15, 41, 14, 12, 43, 26,  9, 24, 33, 25, 16, 10, 41, 31, 33, 27, 22, 17,  8, 11, 43, 26,
    49, 35, 26, 43, 38, 49, 14,  9, 11, 49, 24, 36, 29,  9],
   [25, 26, 47, 27, 36, 19, 26, 25, 11, 30, 13, 12, 13, 11, 16, 17, 21, 39, 47, 27,  9, 47, 20, 18, 44, 16, 41, 28, 34, 23, 10, 23, 47, 22,
    23, 47, 36, 15, 29, 37,  9, 19, 26, 19, 15, 31, 39, 18, 38, 11, 37, 33, 22, 32, 11, 35, 19, 16, 44, 10, 37, 28, 37, 34, 36, 44, 19, 11,
    22, 33, 12, 26, 19, 45, 18, 45, 34, 36, 14, 25, 24, 33, 20, 42, 21, 14, 40, 43, 28, 22, 47, 21, 31, 34, 44, 28, 11, 30, 42, 13, 11, 46,
    40, 22, 14, 17, 25, 20, 34, 21, 20, 32, 36, 22, 18,  9, 38,  9, 34, 42, 42, 22, 46, 14, 43, 32, 18, 19, 16, 45, 16, 15, 39, 35, 17, 45,
    16, 15, 42, 31, 17, 39, 42, 25, 22, 24, 37, 29, 15, 39, 14, 31, 31, 42, 10, 44, 26, 43, 42, 38, 33, 34, 35, 17, 16, 31, 41, 21, 34, 34,
    33, 21, 23, 12, 24, 25, 12, 32, 43, 11, 26, 41, 23, 47, 24, 43, 27, 46, 25, 44, 34, 23, 11, 23, 37, 35, 24, 28, 41, 13, 20, 36, 36, 43,
    31, 10, 29, 45, 22, 25, 24, 22, 41, 31, 31, 17, 25,  9, 12, 36, 38, 22, 33, 33, 13, 10, 31, 33, 30, 39, 45, 25, 35, 45, 38, 38, 24, 44,
    26, 35, 13, 26, 33, 41, 44, 45, 32, 39, 26, 15, 33, 12, 28, 38, 29, 10, 16, 30, 29, 37, 17, 13, 44, 42, 38, 13, 43, 34, 35, 13, 17, 38,
    36, 22, 47, 45, 32, 35, 32, 45, 41, 26, 33, 14, 44, 11, 39, 12, 23, 10, 22, 35, 15, 23, 41, 26, 40, 20, 18, 33, 46, 16, 15, 28, 27, 35,
    38, 35, 19, 31, 37, 28, 38, 19, 36, 46,  9, 33, 17, 11, 41, 47, 24, 41, 36, 33, 26, 14, 14, 34, 33, 40, 14, 20, 39, 22, 40, 35, 39, 46,
    11, 24, 46, 28, 45, 32, 24, 28, 22, 12, 28, 13, 47, 12,  9, 15, 16, 41, 14, 17, 37, 25, 40, 20, 15, 34, 24, 29, 14, 35, 33, 34, 36, 35,
    39, 43, 31, 38, 36, 46, 17, 25, 29, 39, 28, 10, 17, 27, 39, 38, 40, 39, 27, 42, 26, 45, 32, 38, 14, 43, 32, 22, 40, 41, 47,  9, 36, 45,
    32, 38, 27, 25, 36, 11, 45, 30, 33, 24,  9, 31, 16, 21, 36, 21, 37, 34, 37, 37, 44, 11, 13, 32, 28, 23, 40, 13, 42, 11, 28, 47, 18,  9,
    14, 42, 11, 14, 15, 38, 37, 47, 25, 31, 26, 44, 16, 47, 22, 17, 41, 37, 47, 41, 25, 37, 11, 25, 40, 14, 34, 29, 30, 38, 38, 17, 15, 39,
    38, 13, 24, 43, 22, 23, 28, 21, 41,  9, 26, 11, 11, 30, 36, 15, 34, 41, 27, 34, 39, 32, 22, 11, 44, 34, 31, 10, 40, 43, 16, 26, 19, 36,
    34, 22, 19, 18, 17, 44, 44, 43, 40, 15, 47, 42, 26, 39, 35, 43, 42, 40, 35, 28, 37,  9, 30, 18, 34, 17, 40, 39, 39, 16, 19, 39, 14, 28,
    43, 33, 47, 42, 12, 38, 45, 41, 35, 32, 19, 20, 16, 39, 35, 22, 43, 39, 18, 24, 39, 18, 25, 18, 24, 22, 17, 30, 20, 23, 11, 25,  9, 16,
    31, 21, 26, 23, 26, 31, 47, 46, 25, 44, 16, 21, 14, 25, 28, 27, 46, 32, 36, 13, 21, 34, 41, 22, 40, 39, 12, 34, 34, 22, 46, 23, 24, 29,
    45, 22, 26, 45, 15, 27, 20,  9, 24, 44, 40, 13, 47, 14, 24, 28, 12, 41, 11, 43, 37, 24, 33, 19, 34, 12, 44, 18, 35, 33, 28, 44, 36, 17,
    47, 11, 36, 45, 11, 10, 28, 12, 35, 23, 38, 13, 22, 17, 45, 28, 38, 43, 11, 29, 16, 47, 31, 18, 26, 31, 20, 14, 18, 44, 45, 43, 37, 41,
    27, 34, 37, 15, 38, 35, 24, 22, 25, 29, 31, 28, 26, 46, 21, 25, 41, 11, 30, 32, 13, 26, 21, 31, 34, 45, 25, 32, 20, 14, 21, 45, 33, 15,
    11, 33, 10, 38, 10, 33, 20, 21, 45, 29, 47, 44, 46, 12, 30, 29, 21, 21, 44, 13, 29, 43, 30, 43, 26, 26, 15, 24, 22, 16, 15, 23, 40, 40,
    13, 13, 18, 25, 39, 29, 38, 29, 44, 12, 30, 43, 23, 35, 10, 47, 21, 47, 26, 30, 25, 35, 20, 14, 32, 18, 31, 36,  9, 35, 12, 16, 25, 25,
    46, 28, 28, 19, 12, 20, 38, 25, 44, 11, 28, 39, 33, 47,  9, 15, 41, 45, 24, 37, 33, 23, 27, 31, 14, 26, 31, 11, 35, 13, 10, 15, 37, 34,
    47, 15, 11, 12, 10, 45, 44, 40, 34, 12, 28, 37, 40, 22, 44, 26, 43, 26, 27, 23, 23, 13, 39, 12, 16, 16, 42, 37, 34, 34, 28, 33, 30, 39,
    27, 29, 33, 40, 45, 11, 29, 45, 11, 37, 13, 41, 28, 15, 46, 20, 19, 41, 37, 11, 39, 15, 38, 10, 46, 29, 20, 39, 18, 42, 27, 40, 40, 39,
    35, 45, 10, 34, 17, 17, 40, 10, 33, 26, 19, 30, 19, 27, 25, 22, 20, 42, 33, 43, 30, 15, 47, 25, 26, 27, 36, 10,  9, 44,  9, 35, 35, 46,
    44, 31, 41, 24, 26, 13, 22, 35, 24, 12, 16, 45, 27, 31, 19, 25, 41, 31, 44, 27, 29, 42, 36, 14, 12, 35, 34, 36, 19, 45, 28, 16, 34, 20,
    12, 18, 37, 47, 46, 26, 22, 35, 39, 16, 34, 39, 34, 42, 25, 44, 20, 19, 16, 38, 19, 32, 20,  9, 35, 45, 31, 42, 19, 38, 21, 38, 35, 26,
    12, 16, 37, 35, 45, 10, 46,  9, 24, 29, 10, 44, 47, 32],
   [38, 30, 30, 11, 25, 23, 42,  8, 15, 12, 10, 30, 17, 29, 15, 21,  7, 39,  9, 11, 21, 19, 20,  8, 32, 36, 37, 13, 16, 19, 43,  9, 26, 15,
     8, 21, 17, 14, 10, 38, 39, 43, 25,  7, 12, 15, 43, 10, 22, 22, 24, 29, 17, 35, 10, 34, 25, 39, 42,  9, 40, 21, 36, 10, 40, 26, 29, 26,
    24, 12, 22, 33, 13, 20, 17, 36, 34, 21, 29, 16, 10, 41, 29, 17, 26,  7, 23, 42, 26, 36, 15, 39, 25,  8, 30, 23, 41, 20, 37, 19,  7, 11,
    12, 16, 41, 16, 30, 37, 21, 24, 11, 34, 19, 10,  8, 32, 23, 24, 13, 21, 35, 34, 16, 10, 41, 23, 21, 23, 43, 41, 12, 34,  7, 20, 17, 21,
    10, 40, 40, 28, 23, 36, 43, 28, 29, 23, 24, 16,  8, 28, 33, 28, 32, 38, 22, 21, 35, 15, 39, 40, 16, 39, 41, 27, 41, 24, 20, 21,  7, 26,
     7, 38, 42, 23,  7, 15,  7, 42, 38, 11, 20, 31, 30,  9, 36, 33,  8, 12, 31, 13, 13, 36, 29, 12, 41, 22, 42, 22, 10, 40, 17, 20,  7, 14,
    14, 18, 21, 33, 15, 36, 34, 20, 11, 42, 14, 13, 13, 14, 30, 27, 43, 10, 43, 19, 17,  9, 13,  8, 36, 17, 28, 37, 30, 42, 24, 30, 40, 34,
    22, 19, 24, 20, 28, 34, 35, 23, 31, 39, 35, 17, 15, 12, 20, 18, 30, 39, 37, 25, 32, 37, 34, 22, 13, 37, 37, 23,  7,  7, 31, 38, 31, 30,
    42, 28, 34, 35, 28, 33, 41,  7, 19, 23, 30, 32, 39, 39, 32, 30,  9, 24, 36, 18, 15, 31, 40, 10, 19, 19, 27, 38, 12, 22, 31, 24, 13, 16,
    28, 10, 25, 12, 39, 37, 39,  8, 35, 13, 31, 41, 26, 40, 42, 35,  7, 42, 16, 17, 34, 14, 40, 17, 36, 20, 28, 38, 21, 26, 22, 33, 25, 37,
    10, 42, 39, 13, 13, 25,  7, 12, 39, 14, 21, 12, 22, 29, 18, 11, 13, 25, 17, 28, 34, 30, 19, 22, 17, 36, 17, 22, 20, 36,  8, 39, 27, 32,
    17, 22, 26, 21, 34, 39, 11, 27, 12, 14, 41, 12, 14, 24, 19, 27, 28, 23, 12, 43,  7, 33, 16, 29, 37, 12,  7, 11, 33, 17, 24, 14, 32, 38,
    20, 42, 33, 21, 16, 40, 41,  9, 22, 14, 15, 22, 37, 43, 17, 40, 25, 29, 40, 43, 17, 18, 42, 43,  7, 28, 43, 43,  8, 35, 15, 14, 13, 26,
    27, 33, 12, 13, 39, 32, 20, 40, 17, 11, 15, 37, 32, 23,  8, 10, 32, 12, 41, 13, 19, 30, 26, 37, 18, 20,  7, 21, 29, 41, 33, 31, 25, 30,
    24, 25, 35, 13, 37, 30, 31,  7, 26, 38, 24, 32, 40, 11, 31, 10, 42, 14, 17, 23, 33, 29, 24, 15, 31, 18, 24, 40, 21, 31, 16, 25, 12, 30,
    37, 18, 21, 20, 15, 16, 34, 33, 35, 40, 35, 22,  7, 29, 43, 29, 34, 21, 30,  7, 12, 27,  7, 32, 28, 34, 15, 30, 30, 26, 18, 12, 20, 40,
    26, 18,  9, 12, 17, 31, 33, 18, 27, 10, 40, 38, 23, 10, 21, 42, 11, 36, 15, 15, 43,  8, 13, 13, 39, 12, 13, 11, 22, 41, 33, 41, 10, 35,
    27, 23, 29, 29, 36, 10, 42, 37, 29, 37, 17, 24, 11, 21, 37, 41,  9, 14,  9, 17, 25, 30,  8, 21, 31, 18, 13, 14, 13, 16, 14, 29, 40, 43,
    20, 32, 29, 31, 36, 32, 18, 18, 41, 18, 16, 25, 22, 24, 32, 30, 40, 15, 25, 43, 10, 37, 10, 31,  8, 21, 14, 43, 19, 32, 43, 27, 25, 28,
    39,  9, 34, 41, 15, 25, 12, 27, 14, 43, 26,  7, 12, 37,  8, 16, 12, 15, 27, 37, 21, 29, 19,  7, 29, 21, 13, 14, 29, 43, 29, 26, 21, 23,
    33,  8, 25, 27, 12, 27, 32, 18, 20, 41, 30, 31, 37, 31, 17, 18,  8, 26, 13,  7, 40, 12,  9, 10, 35, 38,  8, 34, 43, 22, 14, 11, 14, 28,
    29, 38, 25, 28, 17, 26, 26, 24, 33, 37, 27, 21, 22, 40, 37, 23, 31, 16, 11, 18, 12, 17, 37,  7, 20, 37, 17, 16,  7, 18, 23, 42, 21, 19,
    31, 32,  8, 10, 32, 38, 20, 19, 27, 30, 17, 38, 36, 18, 15, 41, 33, 33, 16, 37,  7, 14, 31, 31, 28, 24, 35, 28, 24, 33, 14, 33, 21, 28,
     8, 30, 33,  9, 43, 41, 30, 10, 42, 13, 41, 27, 15, 42,  8,  9, 28, 15, 43, 16, 29, 38,  8, 38, 21, 35, 14, 17, 18, 32, 22, 31, 30, 19,
    22, 37, 33, 36, 17, 12, 17, 28, 31, 35, 40, 32, 36, 20, 43, 28,  7,  8, 12, 27, 20, 40, 32, 33, 25, 40, 14, 10, 43, 26, 34, 10,  7,  9,
     9, 17, 16, 26,  9, 28, 33, 16, 16, 20, 11,  9, 28, 16, 15, 12, 18, 15, 16, 26, 10,  8, 42, 28, 35, 33, 29, 29, 40, 40, 12, 28,  8,  7,
    32, 36, 25, 39, 40, 13, 26, 13, 20, 32, 14, 26, 10, 39, 15, 43, 37, 35, 24, 39, 25, 15, 35, 25, 36, 33, 14, 17, 37,  7, 17, 27, 22,  8,
    34,  7, 14, 25, 18, 26, 31, 29, 14,  7, 35, 18, 32, 20, 38, 19, 41, 14, 36, 34, 28, 12,  7, 31, 14, 22, 32, 23, 14, 16, 39, 42, 37, 27,
    26, 21, 41, 36,  8, 35, 29, 22, 20, 21, 34, 42, 21, 12, 42, 40, 12, 25, 21, 41, 15, 27, 10, 36, 11, 37, 31, 15, 18, 42, 16,  7, 31, 23,
    11, 22, 24, 25, 38, 12, 32, 31, 22, 24, 17, 29, 34, 37],
   [26, 33, 11, 48, 43, 40, 16,  4, 36, 48, 19, 46, 46, 12, 37, 43, 28, 44, 24,  5,  8, 42, 51, 38, 31, 51, 52, 11, 34, 38, 30, 22, 35,  6,
    18, 26, 17, 47, 32, 50, 20, 36, 29, 19, 38, 53, 29,  9, 28, 37, 23, 29, 27, 25, 53, 44, 13, 26, 17, 45, 32, 41, 15, 21, 26, 32, 24, 33,
    10,  5, 22, 30, 55, 29, 53,  4, 50, 22, 50, 10, 16, 46, 34, 15, 46, 23, 47,  7, 51, 39, 26, 38, 16, 32, 27,  8, 33, 12, 27, 38, 37,  5,
    35, 26, 28,  6, 29, 50, 23, 46, 18, 54, 39,  7, 11, 54, 52, 43, 51, 20,  4, 34, 41, 52, 32, 20, 33, 10, 47,  4, 16, 35,  6, 47, 49,  4,
     8, 42, 27, 51, 43, 40, 43, 20, 50, 50, 24, 53,  4, 49, 14, 29,  4, 51,  6, 29,  7,  9, 27, 39,  4, 13, 16, 20, 22,  4, 46, 40, 14, 33,
    53, 14, 28, 32, 20, 10, 34, 50, 42, 28, 35, 28, 25,  5,  8, 27, 56, 45, 50, 46, 35,  4,  5, 53, 40, 42, 11, 28, 50,  8, 41, 54, 24, 48,
    23, 15, 49, 19, 18, 19, 43, 50, 35,  4, 48, 43, 49, 35, 45, 27, 27, 35, 52,  8, 39,  4, 13, 38, 47, 44, 31, 12, 26, 36, 20, 52,  9, 37,
    31, 35, 39, 14, 34, 17, 41, 15, 37, 30, 11,  9, 13, 44, 44, 12, 12, 18, 38, 17, 56, 30, 45, 19,  4, 49, 24, 55, 52,  5, 23, 32, 31, 14,
    37, 29, 36, 30, 23, 16, 26,  6, 14, 26, 12, 22, 14, 55,  9,  8,  7, 21, 20, 20, 27,  5, 52, 40, 55, 41, 40, 44, 33, 50, 10, 15, 48, 56,
    29, 22, 18, 24, 25, 26, 36, 40, 48, 29, 49, 46, 19, 23,  9, 54, 54, 54,  8, 13, 28, 20, 38, 24, 10, 24, 36, 44, 48, 54, 45, 10, 41, 10,
    30, 10, 33, 43,  4, 41, 11, 18, 10, 34, 39, 40,  6, 18, 56, 53, 38, 34, 22, 42, 11, 50,  5, 43, 41, 17, 34, 16, 53, 44, 34,  9, 28, 17,
    54, 49, 11, 17, 14, 18, 48,  9, 19, 43, 17, 21, 25, 45, 23,  7, 22, 48, 49, 10, 17, 18,  9, 39, 31, 24, 27, 25, 50,  7, 14, 33, 56, 34,
    54, 21,  7, 12, 26, 21, 22, 45, 23, 53, 52, 20, 10, 56, 47,  5, 43, 15, 17, 39, 39,  5, 53, 30, 17, 14, 52, 29, 54, 31, 20, 25, 32, 12,
    43, 34,  7, 53,  4, 54, 43, 50, 35, 51,  5,  5, 19, 45, 31, 39, 54,  9, 55, 26, 19, 36, 10, 25, 33, 30, 39, 42, 54, 52, 47, 28, 46, 33,
    18, 39, 39, 19, 42, 19, 53, 16, 22, 48, 27, 26, 47, 53, 37, 53, 23,  4, 45, 13, 19,  7, 41, 55, 23, 52, 32, 47, 37,  9, 31, 14, 38, 55,
    41, 56, 43, 44, 31, 15, 23, 34,  8, 11, 13, 30, 26, 35, 51, 11, 51, 42, 16, 34, 29, 20,  9, 52, 50, 22, 35, 18, 41, 42, 13,  7,  9, 20,
    19, 30, 43,  7, 44, 32, 49, 27, 33, 29, 40,  5, 16, 36, 37, 32, 45,  5,  6, 47, 27, 54, 56, 11,  7, 32, 47, 32,  4,  4, 47,  4, 46, 14,
    45, 33, 32, 31,  9, 54, 53, 31,  8,  5, 11, 16, 24, 14, 12, 56, 24, 14, 22, 39,  6, 51, 15, 21, 38, 19, 35,  8, 31, 54,  9, 50, 24, 38,
     7, 18, 22, 13, 35, 35, 20, 51,  7, 35,  6, 19, 36, 43, 23, 55, 24, 46, 14, 49, 18, 49, 16, 47, 18, 56, 32, 16, 23, 50, 34, 53, 20, 30,
    24, 13, 44, 42, 33, 11, 29, 15,  9, 37, 11, 44, 29,  6, 28, 47, 45, 26, 27, 29, 36, 50, 37,  7, 12, 20, 48, 42, 48, 53, 54, 55, 21, 28,
    11, 15, 22, 47, 17, 27, 31, 39, 18, 40, 13,  6, 40, 34,  6, 15, 40, 50, 24, 41, 51, 39, 41, 10, 46,  9, 19, 20, 19, 47, 19, 17, 53, 48,
    19, 53, 31, 48, 47, 43,  5, 28,  8, 35, 32, 50, 26, 13, 23,  5, 35, 53,  7, 37, 10,  4,  6, 45, 15, 28, 11, 53,  6,  9, 20, 49, 12, 17,
    30, 28, 46, 55, 15, 50, 36, 38, 50, 19, 33, 14, 10, 45, 16, 54, 16, 44, 29, 13, 14, 15, 52, 10, 33, 20, 44, 14, 45, 11, 33, 49, 33, 12,
    31, 35, 21, 16, 15, 44, 32,  5, 55, 21, 41, 38, 41, 47, 19, 36, 14, 15, 38, 49, 23, 33, 33, 55, 23, 23, 11, 13, 44, 51, 14, 27, 10, 53,
    18, 28, 28, 29, 35, 42, 54, 41, 32, 18, 14, 31, 13, 39, 14, 32,  5, 45, 18, 14, 31, 21, 49, 48, 47, 39, 28, 31, 38, 43, 26, 13, 45,  6,
    42, 24, 15, 43, 19, 52, 19, 27, 31, 32, 30, 23, 31, 36,  9, 29, 35, 23, 43, 41,  8, 24, 41, 51, 16, 42, 31, 36, 52,  8, 44, 32, 45, 27,
    29, 53, 42, 25, 10, 33, 32,  8, 16, 27,  7, 19, 49, 40, 30, 52, 26, 47, 30, 22, 34,  4, 51, 24, 13, 43, 47, 52,  9, 44, 33, 47, 55, 34,
     7, 47, 22, 24, 27, 32, 17, 40, 25, 15, 12, 49, 50, 12,  8, 20, 24, 25, 20, 29, 34, 11, 31, 21,  4, 52, 50, 29, 24, 49, 32, 29, 52, 36,
    33, 19, 38, 50, 23, 30, 50, 43, 18,  7,  5, 54, 43,  6, 47, 12, 15, 22,  7, 53, 46, 51, 23, 29, 13, 32, 45, 47,  5, 12, 55, 33,  7, 20,
    20,  6, 30, 34, 49, 37, 25, 46, 32, 10, 32, 41, 44, 16],
   [ 7, 18, 31,  9, 38, 25, 34,  9,  7, 26, 22, 18, 31, 34, 29, 12, 37, 38, 12, 20, 10, 41, 18, 31, 28, 11, 15, 39,  8, 34, 24, 31, 40, 28,
    10, 36, 33, 35, 33, 32, 19, 18, 28, 26, 21, 19, 36, 40,  9, 11, 37, 41, 25, 30, 41, 12, 20, 32, 23, 40, 31, 32, 24, 36, 22, 32, 20, 32,
    25, 21, 25, 22, 17, 40, 11, 10, 15, 15, 25, 38, 41, 31, 22, 39, 34, 24, 11, 28, 41, 10, 35, 19,  8, 17, 33, 30, 26, 35, 41, 35, 14, 11,
    27, 30, 18, 16, 13, 28, 12,  8, 23, 23, 17, 18, 35, 39, 10, 19, 38, 33, 15, 39, 27, 26, 16, 11, 31, 24, 11,  7, 31, 38, 15, 22, 13, 19,
    30,  7, 14, 28, 39, 17, 11, 12, 31, 30, 19, 31, 20,  7, 13, 14, 18, 32, 32, 16,  9, 27, 28, 38, 33, 20, 18, 39, 11, 38, 11, 15, 15, 15,
    13, 17, 27,  8, 36, 40, 38, 21, 24, 30, 33,  7, 26, 30, 26, 25,  9, 37, 35, 18, 22, 26, 38, 10, 28, 29, 12, 19, 30,  7, 21, 17, 31, 40,
    10, 27, 29, 25, 20, 31, 25, 12, 32, 31, 31,  8, 14, 10, 17, 35, 36,  7, 23, 17, 28, 31, 28,  8, 21,  7, 21, 26, 28, 36, 41, 34, 36, 15,
     9, 39, 15, 13, 28, 13, 34, 23, 16, 40, 34, 38,  7,  9, 32, 23, 37, 27, 27, 34,  8, 34, 28, 40, 16, 15, 33, 14, 41, 39, 25, 37, 33, 22,
    26, 27, 28,  7, 28, 19, 21, 35, 24, 24, 15, 38, 38, 40, 23, 30, 17, 30, 17, 23, 24, 22,  7, 21, 41, 10, 37, 13, 25, 35, 30, 33, 27, 24,
    30,  8, 10, 28, 32, 14, 19, 11, 14, 26, 12, 14, 13, 32, 26, 19, 12, 13, 16, 33, 39, 41, 40, 40, 26, 20, 35, 22, 40, 14, 17, 41, 16, 21,
    23, 37, 15, 29, 18,  9, 27, 33, 19, 23, 39, 30, 20, 34, 19, 25, 26, 15, 22, 14, 36, 38, 17, 41, 37, 27, 38, 28, 41, 35, 29, 22, 18, 13,
     8, 41, 17, 29, 38, 31,  8, 31, 15,  7, 10, 29, 25, 26, 10, 11, 30, 27, 38, 30, 28, 30, 26,  8, 38, 18, 15, 32, 31, 28, 29, 35, 10, 14,
    33, 36, 33, 36, 15, 27, 14, 36, 19, 21, 13, 18, 31, 26, 32, 18, 13, 15, 16, 38,  9, 20, 17, 37,  9, 38, 30, 40, 17, 37, 14, 18, 12, 41,
     8, 40,  7, 30, 29, 41, 19,  7, 30, 38, 38, 41, 37, 28, 25, 40, 40, 10, 19, 38, 22, 34, 15, 25, 21, 25,  9,  8, 30, 31, 39, 29, 34, 28,
    40, 21, 28, 32, 33, 19, 40, 37, 17, 38, 34, 37, 38, 32, 39, 14, 26, 28, 25, 20, 40, 35, 40, 10, 21, 25, 35, 37, 36,  7, 25, 34, 33, 30,
     8, 31, 35,  9, 13, 23,  8, 34, 16, 30, 21, 22, 16, 14, 28, 15, 30, 39, 35, 17, 40, 25, 22, 40, 28, 17, 31, 27, 31, 26, 22, 34, 33, 14,
    37, 32, 24, 35, 40, 27, 14, 39, 14, 16, 30, 16, 38, 33,  7, 13, 27, 10, 39,  7, 16, 39,  7, 18, 36,  7, 22, 23, 13, 10,  7, 22, 35, 29,
    18, 25, 32, 24, 37, 14, 13, 10, 29, 36, 25, 14, 37, 12, 14, 23, 37, 22, 17, 30, 15,  8, 27, 34, 17, 28, 26, 40, 24,  8, 34, 22, 32, 17,
    10, 26, 23, 26, 14, 14, 14, 36, 37,  7, 15,  8,  8, 14, 32, 10, 15, 15,  8, 16, 25, 26, 37, 38, 11, 34, 25, 11, 24, 31, 34, 33, 28, 32,
    38, 36, 25, 37, 39, 12,  8, 17, 32,  9, 33, 40, 16, 10, 27, 24, 25, 27, 37, 20, 39, 19, 41, 28, 29, 17, 14,  8, 16, 35, 15, 13, 19, 38,
    31, 27, 10, 12, 32, 29, 31, 32, 25, 40, 11, 14, 15, 22,  7, 25, 37, 32, 32, 25, 33, 23, 31,  7, 21, 29, 21, 37, 29, 24, 33, 23, 31, 19,
    11, 22, 18,  8, 13, 31, 37, 35, 10, 15, 17, 11, 25, 35, 40, 18, 26, 38, 11, 13, 15, 34, 41, 25, 34, 24, 41, 18, 14, 24,  7, 41, 18, 26,
    24, 12, 13, 37, 32, 23, 22, 29, 11, 17, 23, 39,  8, 17, 28, 28, 21, 19, 14, 24, 24, 27, 15, 28, 27, 38, 15, 18,  9, 13, 21,  7, 12, 25,
     7,  7, 19,  8, 20, 15, 32, 26, 19, 32, 30, 34, 30, 11, 39, 13, 35, 40,  8, 17, 39, 13, 40, 15, 25, 17, 21, 31,  9, 10, 25, 26, 37, 19,
    30, 34, 20, 23, 20, 13, 20, 11, 15, 27, 31, 20, 28,  7, 20, 26, 24, 30, 23, 23, 25, 19, 26,  7,  9, 28, 23, 30, 41, 33, 36,  7, 14, 32,
    16, 22, 19, 39, 32, 27, 17, 24, 14, 17, 19, 35, 20, 28, 28, 21, 20, 12, 35,  8, 24, 18, 20, 17, 18, 27, 20, 34,  7, 27,  7, 10, 11, 33,
    11, 38, 10, 33, 11, 26, 13, 28, 24, 26, 30, 28, 31, 14, 28, 32, 16,  8, 41,  8, 37, 34, 15, 15, 31, 16, 22, 40, 27, 33, 10, 32, 32, 10,
    18, 27, 35,  9,  9, 29, 20, 28, 25, 34,  7, 41,  7, 29, 40, 23, 39,  9, 40, 10, 13, 34, 21, 12, 12, 16,  7,  8, 10,  9, 32, 14, 38, 14,
    16, 29,  7, 21, 19, 17, 29, 17, 15, 20, 18, 16, 15, 13,  8, 20, 40, 19, 13, 36, 13, 37, 14, 25, 23, 26,  8, 11, 30, 26, 17, 19, 26, 21,
    21, 24, 39, 15, 21, 35, 35, 41, 12, 28, 24, 33, 18, 20]]
W=[20791, 23948, 24449, 24045, 19656, 23348, 24682, 22465, 27418, 23318, 18469, 27313, 21067, 27353, 24113, 24198, 21310, 22402, 25301, 
   17000]
P=[V,R,W]

Mejor solucin encontrada:
[1, 1, 0, 1, 1, 1, 1, 1, 1, 1, 1, 1, 0, 1, 1, 0, 0, 1, 0, 0, 1, 0, 1, 0, 1, 1, 1, 0, 1, 0, 1, 0, 1, 1, 1, 1, 1, 0, 1, 0, 0, 1, 0, 0,
 1, 0, 1, 0, 1, 1, 1, 0, 1, 1, 1, 1, 0, 0, 1, 1, 0, 1, 0, 0, 0, 1, 1, 0, 0, 0, 1, 0, 0, 1, 1, 1, 0, 1, 1, 1, 1, 0, 0, 1, 1, 0, 0, 1,
 1, 1, 1, 0, 1, 1, 0, 1, 1, 0, 1, 1, 1, 1, 1, 1, 1, 1, 0, 1, 0, 1, 1, 0, 1, 0, 0, 1, 1, 1, 1, 1, 1, 1, 1, 0, 1, 1, 1, 0, 1, 1, 1, 0,
 1, 1, 0, 1, 1, 1, 1, 1, 1, 1, 1, 1, 1, 0, 1, 0, 0, 1, 1, 1, 1, 1, 1, 1, 1, 1, 1, 0, 1, 1, 1, 1, 1, 1, 1, 1, 1, 1, 1, 1, 1, 1, 1, 1,
 1, 1, 1, 1, 0, 1, 1, 1, 0, 1, 1, 1, 1, 1, 1, 1, 0, 1, 1, 1, 1, 0, 1, 0, 1, 1, 0, 1, 1, 1, 1, 0, 1, 0, 1, 1, 1, 1, 1, 1, 0, 1, 1, 1,
 1, 1, 1, 1, 1, 0, 0, 0, 1, 1, 1, 1, 0, 1, 1, 0, 1, 1, 1, 1, 0, 0, 0, 1, 1, 1, 1, 0, 0, 1, 0, 0, 1, 1, 1, 0, 0, 1, 0, 1, 0, 0, 1, 0,
 1, 1, 1, 1, 0, 0, 0, 0, 0, 0, 1, 1, 1, 1, 1, 0, 0, 0, 0, 1, 1, 0, 1, 1, 1, 0, 1, 1, 0, 1, 1, 1, 0, 1, 1, 1, 0, 1, 0, 1, 1, 0, 1, 0,
 1, 0, 1, 1, 0, 0, 1, 1, 1, 0, 1, 1, 0, 1, 1, 1, 0, 1, 1, 1, 1, 0, 1, 0, 1, 1, 1, 1, 1, 1, 1, 1, 0, 1, 1, 1, 1, 1, 0, 0, 1, 1, 0, 1,
 1, 0, 0, 1, 1, 1, 1, 0, 1, 0, 1, 0, 0, 1, 0, 1, 1, 1, 1, 1, 0, 1, 1, 1, 1, 0, 1, 0, 1, 1, 0, 0, 1, 1, 1, 1, 1, 1, 1, 1, 1, 1, 0, 0,
 1, 1, 0, 1, 1, 1, 0, 1, 0, 1, 1, 1, 1, 1, 1, 1, 0, 1, 0, 1, 1, 1, 1, 1, 0, 1, 1, 1, 1, 1, 1, 1, 1, 1, 1, 1, 1, 1, 1, 0, 1, 1, 1, 0,
 1, 0, 1, 1, 0, 1, 0, 1, 1, 1, 1, 0, 0, 1, 1, 0, 1, 1, 0, 1, 0, 1, 1, 0, 1, 1, 1, 0, 1, 1, 1, 1, 1, 0, 0, 0, 1, 1, 1, 1, 1, 1, 1, 1,
 1, 1, 1, 1, 0, 0, 1, 1, 1, 0, 1, 0, 0, 0, 1, 1, 1, 1, 1, 1, 1, 1, 1, 0, 0, 1, 1, 0, 0, 0, 1, 0, 1, 1, 1, 1, 0, 0, 1, 1, 1, 0, 0, 1,
 1, 1, 1, 0, 1, 1, 1, 0, 1, 0, 0, 1, 0, 1, 0, 1, 0, 1, 1, 1, 1, 0, 1, 1, 1, 1, 1, 1, 1, 1, 1, 1, 0, 1, 0, 1, 1, 0, 1, 1, 1, 1, 1, 1,
 0, 0, 1, 1, 0, 0, 1, 1, 0, 0, 0, 1, 1, 1, 1, 1, 1, 1, 0, 0, 1, 1, 1, 1, 1, 1, 1, 1, 1, 1, 1, 1, 1, 1, 0, 1, 1, 1, 1, 0, 1, 1, 1, 0,
 1, 1, 1, 1, 1, 1, 1, 1, 1, 1, 1, 1, 0, 1, 1, 1, 1, 1, 1, 1, 1, 1, 1, 1, 1, 1, 1, 1, 1, 1, 1, 1, 0, 1, 1, 1, 1, 1, 1, 0, 0, 1, 1, 1,
 1, 1, 1, 1, 1, 1, 0, 1, 1, 1, 1, 0, 0, 1, 1, 1, 1, 1, 0, 1, 1, 1, 1, 1, 0, 1, 1, 1, 1, 0, 1, 1, 1, 1, 1, 1, 1, 0, 1, 1, 1, 1, 0, 1,
 0, 1, 0, 0, 1, 1, 1, 1, 1, 1, 1, 0, 0, 1, 0, 1, 1, 1, 1, 0, 1, 1, 1, 1, 0, 1, 0, 0, 1, 1, 0, 0, 0, 1, 1, 1, 1, 1, 0, 1, 1, 1, 1, 1,
 0, 1, 1, 1, 0, 1, 1, 1, 0, 1, 0, 1, 1, 1, 1, 1, 1, 1, 1, 1, 1, 1, 1, 1, 1, 0, 0, 1, 1, 1, 1, 1, 0, 1, 1, 1, 1, 1, 1, 1, 1, 1, 0, 1,
 1, 1, 1, 1, 1, 0, 1, 0, 1, 1, 1, 1, 1, 1, 1, 1, 1, 0, 1, 1, 0, 1, 1, 0, 0, 1, 0, 0, 1, 1, 1, 1, 1, 1, 1, 0, 1, 1, 0, 1, 1, 1, 1, 1,
 0, 1, 1, 1, 1, 1, 1, 1, 0, 1, 1, 1, 1, 1, 1, 0, 0, 1, 1, 1, 0, 1, 1, 1, 1, 0, 1, 0, 0, 0, 1, 1, 1, 1, 1, 1, 1, 1, 1, 1, 1, 1, 1, 1,
 1, 1, 1, 0, 0, 1, 1, 1, 1, 1, 1, 1, 0, 1, 0, 1, 0, 0, 1, 1, 1, 1, 1, 0, 1, 1, 1, 1, 0, 1, 1, 0, 0, 1, 1, 1, 1, 1, 1, 0, 0, 1, 1, 1,
 1, 1, 0, 0, 1, 0, 1, 1, 1, 1, 1, 1, 1, 1, 1, 1, 1, 1, 1, 1, 1, 1, 1, 0, 1, 1, 1, 1, 0, 1, 1, 1, 1, 1, 1, 1, 1, 0, 1, 1, 1, 0, 1, 1,
 0, 1, 1, 0, 1, 0, 1, 1, 0, 0, 1, 1, 1, 1, 1, 1, 1, 1, 1, 0, 0, 1, 1, 1, 1, 1, 1, 0, 0, 0, 1, 1]

Valor ptimo generado:
45118