MBKP con n=50 y m=3
V=[ 35,  41,  40,  97,  29,  87,  33,  26, 109,  36,  20,  67,  27,
    52,  26,  38,  73, 108,  11,  31,   7,  46,   7,  43,  53,  22,
    28,  57,  34,  51,  21,  33, 115,  38,  27,   8,  11,  41,   8,
    23,  49,  57,  43, 114,  42,  34,  34,  36,  41, 112]
R=[[28, 20, 10, 34, 17, 43, 20, 37, 41, 18, 17,  9, 18, 20, 24, 20, 28,
    41, 38, 17, 19, 36,  9, 12, 42, 34, 25, 13, 25, 18, 34, 26, 19, 27,
    37, 22, 20, 11,  9,  9, 14, 15, 19, 36, 40, 38, 36, 27, 36, 21],
   [19, 12, 23, 12, 36, 41, 23, 21, 38, 39, 36, 26, 35, 12, 14, 34, 25,
    17, 36, 12, 38, 40, 30, 23, 40, 23, 11, 22, 21, 48, 48, 12, 39, 22,
    36,  7, 18, 48, 15, 25,  9, 36,  8, 45, 42, 49, 19, 35, 42, 39],
   [33, 18, 50, 44, 31, 11, 19, 15, 18, 14, 14, 32, 26, 26, 15, 31, 42,
    22, 12, 15, 14, 21, 24, 19, 16, 31, 36, 44,  9, 29, 21, 31, 21, 16,
    16, 46, 16, 24, 29, 39, 22, 26, 47, 23, 31, 18, 24, 36, 16, 23]]
W=[807, 990, 950]
b=[ 8,  9, 10, 15, 14, 16, 19,  9, 19,  2,  5,  6, 20, 19,  8,  3, 10,
   15, 19, 20,  7, 19,  6, 14,  5, 16, 11,  1,  2, 20, 14,  9,  5,  6,
   18, 18, 14, 14,  1, 10,  7,  8,  7, 20,  7,  3,  9,  1,  9,  1]
P=[V,R,W,b]

Mejor solución encontrada:
[0, 0, 0, 6, 0, 0, 0, 0, 0, 0, 0, 5, 0, 0, 0, 0, 0, 0, 0, 0, 0, 0,
 0, 0, 0, 0, 0, 0, 0, 0, 0, 0, 5, 0, 0, 0, 0, 0, 0, 0, 6, 2, 0, 9,
 0, 0, 0, 0, 0, 1]

Valor óptimo generado:
3038