MBKP con n=1000 y m=20
V=[ 52,  54,  41,  56,  26,  87,  68,  18,  10,  32,  72,  61,  53,  37,  56,  11,  86,  45,  18,  96,  47,  40, 100,   3,  33,  28,
    26,  43,  38,  46,  19,  14,  17,  68,  16,   9,  37,  50,  94,  25,  36,  18,  44, 142,  26,  34,  34,   4,  24,  99,  59,  50,
    50,  31,  28, 154,  55,  71,  28,   9,  62,  75,  51,  36,  45,  53,  35,  91,  35,  16,  40,  29,  10, 144,  23,  50,  39,  43,
    52,  34,  30,  59,  31,  71, 106,  78,  97,  13,  46,  43,  18, 102,  46,  79,  30,  44,  34,  22, 111, 105, 115, 120,  43,  20,
    22,  18,  39,  13,  11,  24,  18,  53,  84,   6,  27,  11,  53,   9,  14,  27,  86,  82, 103,   5,  26,  39,  31,   5,  41,  18,
    39,  30, 142,  32,  48,  60,  30,  24,  14,  41,  25, 119,  16,  25,   9,  48,  12,  60,  44,  60,  21,  24,  16,  20,  56,   5,
    79,  53,  95,  27,  20,  88,  60,  78, 120,   8,  48,  66,  54,  32,  61,   5,  54,  26,  16,  91,  10,  27,  26,  36,   8,  19,
    16,  49,   9,  10,  73,  17,  42,  76, 100,  43, 107,  31,  26,  75,  90,   8,  30,  37,  28,  30,  64,  68,  25,  27, 117,  13,
    37,  69,  20,  50, 115,  72,  65,  35,  80,  29,  42,  84,  20,  90,   5,  78,  24,  17,  49,  58,  14,  41,   2,  28,  63,  11,
   126,   6,  74,  32,  53, 115,  10,   9,  23,  48, 168,  23,  45,  73,  30,  43,   7,  26,  29,  35, 134,  13,  17,  79,  34,  25,
    38,  10,  26,  51,  49,  23,  19,  40,  24,  61,  39,  39,  58,  61,  33,  45,  36,  34,  83, 108,  19,   9,  61,  42,   7,  82,
    77,  45,  25,  17,  43,   9,  29, 100,  49,  29,   7,  26,  15,  34,   5,  38,  26,  37,  79, 150,  47,  42,  30,  49,  11,  63,
   118,  50,  36,  42,  55,  77,  24,  76,  31, 112,  31,  39,  14,  60,  18,  47,  71,  27,  34,  21,  55,  79,  49,  16,  19,  13,
    31,  21,  12,  43,  56,  10,  21,  50,  33,  28, 110,  87,  16,  42,  20,  38,  86,  71,  38,  95,  53,  80,  44,  56,  27,  88,
    43,  69, 128, 103,  35,  21,  81,  75,  11,  50,  33,  40,  10,  28,  10,  47,  20,  33,  77,  61,  11,  51,  52,  93,  45,  59,
    94,  32,  57,  13,  10, 109,  53,  44,  60,  38,  84,  50,  90,  43,  38,  31,  68,  40,  17,  54,  22,  35,  56,  68,  58,  22,
    49,  17,  50,  46,  51,  56,  78,  46,  13,  14,  35,  22,  11,  65,  56,  59,  43,  13,  17,  30,  47,  78,  94,  13,  62,  80,
    46, 125,  87,  76,  97,   6,   3,  37,  26,  28,  60,  16,  31,  95,  60,  66,  72,  34,  16,  17, 118,  23,   6,  13,  46,  14,
    84, 107,  62,  20,  43,  34,  35,  90,  68, 133,  23,  90,   9,  83,  74,  86,  18,  35,  17,  74, 106,  33,  49, 142,  27,  59,
    33,  30,  22,  29,  41,  70,  18,  13,  72,  32,  53,  85,  22,  43,  23, 148,   3, 134,  45, 106,  49,  68,  11,  36,  27,  46,
    36,  25,  16,  20,  53,  33,  57,  35,  53,  30,  53,  11,  69,  46,  73,  77,  73,  69,  46,   9,  34,  21,   8,  25,   9,  99,
    84,  91,  13,  54, 101,  17,  50,  60,   9,  32,  59,  81,  30,  17,  57,  48,  73,  20, 115,  49,  64,  46, 104,  49,  39,   6,
    66,  54,  64,  75,  57,  60,  39,  93,  64,  53,  34,  27,  43,  20,  35,   5,  93,  74,  26,  62,  63,  33,  20,  76,  80,  13,
    86,  45,  78,  33,  31,  67,  23,  54,  19,  32,  82,  32,  61,  17, 146,  65, 119,  13,  20,   5,  32,  36,  47, 111,  13,  13,
    24,  49,  61,  20,  12, 103,  61,  35,  34,  46,  18,  40,  20,  27,  52,  14,  32,  21,  43,  34,  67,  26,  12,  67,  58,  11,
    33,  23,  27,  37,  38,  63,  68,  74, 102, 125,  31,  27,  83, 151,  91,  43,  38,   9,  24,  58,  71,  35,  62,  99,  22,  40,
    38,  80,  45, 112, 103,  16,  32,  50,  25,  84,  68,  72,  65,  18,  93,  36,  22,  29,  13,  28, 120,  55,  25,  38,  47,  18,
    10,  65, 140,  80,  42, 107,   6,  41,  95,  22,  60,  17,   9,  73,  92,  88,  69,  14,  22,  56,  35,  20,  80,  43,  24,  39,
    88,  44,  69,  54,  40,  75,  19,  17,  57,  21,  46,  29,  61,  16,  20,  49,  55,  57,  30,   4,  47,  52,  43,  92,  52,   6,
    30,  89,  63,  67,  64, 123,  11,  16,  36,  82,  30, 105, 116,  23, 130, 103,  79,  26,  87,  18,  41,  20,  99,  75,  32,  70,
    16,  13,  17,  35,  35,  39,  33,  42,  62, 125,  22,   5,  11,  93,  80,  70,  13,  96,  65,  50,  85,  83,  29,  32,  20,  26,
    19,  46,  20,  19,  54,  14,  16, 117,  24,  27,  19,  69,  59,  27,  18,  53,  56,  40,  31,  18,  62,  96,  27,  10,  45,  10,
    45,  17, 101,  66,  40,  21,  45,  82,  37,  66,  16,  44,  44, 128,  46,  23,  18,  50,  22,  20,  90,  66,  97,  85,  36,  16,
    60, 125, 124,  94,  45,  18,  51, 113,  13,  23, 119, 109,  61,  85,  30,  35,  14,  89,  42,   6,  97,  89,  46,  71,  20,  43,
    32,  93,  70,  32,  25,  10,  16,  11,   7, 110,  41,  65,  39,  13,  11,  51,  23,  46,  13,  17,   7,  42,  11,  66,  30,  68,
    55,  15,  97,  85,   6,  37,  16,  46,  83,   9,  98,  58,  12, 131,  42,  54,  39,  32,  33,  25,  47,  65,  27,  15,  51,  49,
    42, 109,  41,  19,  54,  23,  99,  87,  30,  48,  15, 101,  44,  32,  31,  17,  43,  27,  15,  80,  10,  52,  24,  23,  32,  75,
    90,  28,  17,  47,  11, 119,  13,  35,  83,  38,  34,  37,  44,  53,  46,  69,  22,  20,  31,  73,  21,  35,  33,  27,  78,  70,
    19,  39,  56,  11,  64,  40,  19,  30,  47,  26,  59,  27]
R=[[16, 31, 33, 28, 41, 33, 40, 10, 31, 17, 39, 31, 16, 40,  8, 38, 29, 30, 18, 32, 28, 25, 25, 19, 40, 41,  9, 25,  9, 12, 30, 40, 28, 25,
    28, 16, 24, 34, 41, 22, 17, 17,  5, 32, 40, 30, 38,  5, 26, 18, 18, 36, 38, 31, 36, 38, 37, 22, 41, 16, 34, 17,  6, 26, 26, 30, 16, 10,
    18, 28, 19, 39, 31, 19, 33, 41, 32, 42, 39, 41, 40, 28, 20,  5, 15, 33, 32, 14,  5, 27, 28, 13, 23, 37, 24, 29, 16, 17, 10,  5, 33, 11,
    17, 16,  6, 24, 23, 16, 40, 15, 14, 37, 41, 16, 19, 21, 11, 23, 23, 40, 40,  9, 41, 19, 37,  6,  5, 31, 23, 40, 11, 33, 13, 29, 16, 31,
    18, 31, 13, 28, 14, 20,  8, 20,  8, 39, 21, 22, 19, 36, 36, 11, 39,  7, 34, 17,  8,  5,  6, 29, 22, 34, 17, 16, 29, 16, 38, 12, 13, 11,
     5,  7, 35, 32, 37, 27, 42, 29, 22, 30, 37,  6, 18, 11, 25,  8, 17,  9, 35, 41, 10, 18, 21, 27, 30, 15, 21,  5, 22,  8, 20, 31, 28, 10,
    20, 31, 39, 13,  6,  5, 19, 27, 31, 35, 37, 27, 13, 30, 28, 24,  5, 25, 27, 16, 25, 36,  6, 14, 27, 15, 31, 24, 26, 40, 29, 10,  9, 12,
    33,  5, 14, 14,  9, 17, 30, 23, 39, 28, 12, 26, 11, 11, 28, 37,  8, 11, 24, 32, 40, 11, 42, 15, 15, 18, 16,  9,  6, 10, 36, 22, 12, 19,
    32, 39, 41, 29, 20, 28, 34,  5,  5, 34, 42, 40, 38, 10, 28, 13, 27, 39, 31,  8, 25, 23, 23,  5, 15, 22, 17, 26, 33, 10, 35, 30, 33, 14,
    12, 13, 37, 20, 31, 10, 16,  7, 11, 29, 31, 28, 20,  6, 15, 37, 21, 42,  8, 28, 22, 35, 16, 30, 27,  9, 38, 26, 26,  6, 19, 16,  9, 28,
    11, 21, 42, 30, 21, 40, 23, 18, 42, 16, 29, 31, 21,  5, 21, 16, 39, 40, 24, 25, 11, 37, 34, 31, 23, 38, 37, 11, 12, 23,  8, 29, 17, 24,
    26, 35, 37, 28, 27, 28, 41,  5, 39, 19,  7, 21, 34, 20, 11, 15, 38, 31, 29, 26,  9, 39,  9, 10, 14, 17, 33, 32, 37, 11,  8, 20, 24, 35,
    41,  6, 16, 18, 25, 40, 41, 14, 21,  5, 34, 22, 28, 16, 39, 24, 16, 10, 30, 10, 37,  8,  6, 12, 40,  7, 17, 19, 34, 14, 19, 15, 36, 28,
    38,  8, 10, 26, 31, 20,  6, 20, 15, 17, 17, 22, 36, 37,  6, 24, 30, 20, 39, 17, 39,  6, 37, 21, 22, 19, 24,  5, 13, 38, 29, 20, 27, 30,
    29,  5, 30,  7,  8, 33, 19, 42, 29, 37, 32, 30, 22, 32, 18, 34, 11, 17, 10, 13,  6, 13, 34, 19, 13,  7, 32, 37, 31,  6, 39, 26, 31, 12,
    39, 11, 17, 13, 19, 20, 13, 32,  7, 17, 22, 20,  9, 37, 24, 20, 26, 20, 31,  8, 11, 13, 12, 16, 10, 14, 13, 21, 12,  7, 12, 31, 11, 25,
     8, 32, 34, 26,  8, 19,  9, 32, 24, 35,  6, 38, 31, 33, 10, 23, 13, 35, 20, 22, 21, 17, 39, 10, 27, 25, 29, 33, 18, 41, 41,  6, 19, 21,
    27, 31, 32,  5, 28, 36, 14, 18, 38, 20, 24, 34, 17, 41, 34, 32, 17,  5, 14,  9, 24, 10, 27,  9,  9, 29, 21, 17, 26,  8, 29, 18, 23, 22,
    42,  6, 21, 13, 38, 17, 24, 14,  7, 22, 22, 23, 34, 29, 41, 25, 35, 33, 16, 22, 23, 21, 34, 41, 10, 35, 14, 28, 22, 23, 17, 14, 36, 22,
    35, 29, 19, 39, 37, 14, 25, 23, 27, 24, 40, 39, 40, 28, 38, 20, 33, 12, 21, 23, 41,  6,  8, 29, 40,  9,  8, 38, 28, 29, 14,  9, 17, 25,
    33, 31, 11,  8, 42, 29, 22, 21, 10,  6, 38,  9, 23, 10, 32, 37, 22, 22, 36, 38, 17, 40, 11,  5, 22, 28, 26, 40, 31, 42, 13,  8, 16, 12,
    26, 31,  7, 23, 41, 31,  9, 30, 39, 12,  9, 35, 32, 17, 28, 28, 13, 24,  5, 20, 25, 31, 31, 19, 16, 10, 14,  7, 21, 42, 12, 32, 14, 13,
    29, 21, 40,  6, 24, 25, 22, 28, 10, 41, 11, 17, 17, 18, 20, 15, 40,  5, 35, 38, 36, 19, 33,  9, 38, 10, 16, 23, 14, 20, 17, 32,  7, 16,
    11, 38, 19, 35, 13, 26, 42, 35, 26, 11, 22, 26, 19, 27, 11, 42, 35, 27,  9, 22, 40, 28, 26, 30, 29, 15, 41, 12, 25,  6, 28, 25, 31, 29,
    37, 40, 40, 36,  5, 26, 26,  9,  6, 35, 34, 20, 17,  8, 20, 40,  6, 12, 35, 22, 22, 18, 14,  7, 41, 13, 24, 14, 21, 30,  5, 36,  9,  5,
    20, 24, 13, 16, 13, 39, 24, 25, 39, 12, 27, 18, 24, 42, 22, 21,  7, 39, 31, 28, 24, 35, 33, 17,  8, 11, 33,  9, 17, 33, 30,  6, 38, 19,
    10, 30, 41, 16, 39, 39, 23, 18, 36,  9, 21, 35, 10, 26, 20,  7, 20, 14, 26, 12,  5, 36, 21, 34, 17, 32, 29, 19, 26, 18, 31, 18, 31, 37,
    18,  8, 10, 22,  9,  7, 31, 22, 40,  6,  9, 20, 30,  6, 30,  7, 25, 17, 38, 35, 22, 36, 15,  6, 35, 32, 26, 26, 20, 20, 37, 30, 24, 34,
     9, 19, 12, 25, 14, 14,  9, 20, 38, 36, 30, 40, 18, 26, 15, 26, 22,  6, 35, 27, 25, 25, 35, 26, 28,  6, 41, 32, 12, 28, 17, 33, 15, 31,
    28,  6, 40, 29, 30, 37, 42, 31, 41, 15, 34, 14, 31, 38],
   [19,  5, 15, 34, 40, 36, 43, 24, 14, 15, 31, 22, 19,  3, 10, 27, 35, 36,  4,  5,  6,  9, 28, 29, 41,  4, 19, 10, 17, 12,  5, 20, 37, 35,
     6, 10, 26, 45, 40, 35,  3, 29, 37,  7, 27, 45, 19, 27, 39, 26, 43, 10, 21, 15,  4, 19, 28, 31,  8, 29, 11, 23, 14, 26, 13, 38, 39, 28,
    14, 30, 40, 19,  4, 20,  3, 38, 10, 44, 45,  6, 18,  5, 16, 19, 29, 39, 31, 28,  6, 42,  8, 41, 28, 13, 11, 27, 14, 25, 40, 20, 37,  4,
     3, 24, 18,  7, 45, 13, 21, 16,  7, 43, 27, 15,  9, 30, 21, 15, 24, 39, 42,  5,  7, 10, 28, 23, 21, 44,  3,  5,  9, 13, 18, 33, 13,  4,
    35, 44, 19,  5, 32,  3, 34, 44, 32, 31, 19, 20, 31, 34, 29, 34, 28, 34, 30, 43, 34, 20,  6, 10,  5, 45, 16,  8,  5, 36, 21, 31, 29, 17,
    22, 44, 44, 44, 20, 31, 22, 32, 26, 21, 44, 31, 37, 45, 19, 45, 38, 19, 44, 20, 30, 24,  8, 24, 18, 36, 23, 29, 12, 27, 34, 20, 18, 25,
     8, 11, 43, 23, 19,  6, 17, 42, 44,  4,  8, 35, 44, 43, 34, 23, 36, 14, 28, 28, 10, 16, 38, 34, 18, 29, 32,  8, 41, 10,  4, 41,  9, 11,
    15, 13, 21, 31, 42, 40, 36, 13, 21, 39, 41,  8,  7, 27, 10, 20, 21,  4, 29,  8, 30,  5, 19, 45, 41, 18, 34, 24, 37, 21, 31, 37, 38, 23,
    21, 28, 44, 30, 13, 43,  7, 18,  6, 24, 35,  5,  6, 23, 43, 41, 32, 34, 24, 11,  3, 39, 20,  5, 12, 22, 21, 34, 44, 14, 22, 33,  7, 42,
    42, 34, 25, 28,  8, 11, 34, 34, 37, 11,  7, 26, 44, 32, 17, 26, 27, 20, 31, 34, 39, 18, 41, 36, 13, 23, 10, 40,  9, 21, 44, 25, 36, 31,
    14,  8, 20, 24, 41, 26, 18, 21, 27, 32, 12, 39, 43,  7, 35, 25, 23, 40, 33, 40, 22, 45, 12, 20, 35, 25, 26, 21, 41, 42, 33, 14, 25, 29,
    25, 45,  4, 20, 15, 32, 19, 23, 29, 29, 43, 27, 20, 13, 29, 37, 10, 41, 42, 27, 31, 25, 40, 20, 35, 20, 28, 29, 43,  8, 32, 40, 22, 39,
    12, 22, 31,  3, 32, 45, 12, 24, 19, 34, 31, 12, 18, 35, 26, 35, 21, 24,  7,  9, 36, 37, 30, 23, 44, 21, 27, 20, 12, 38, 30, 32, 33, 45,
    35, 22,  8, 11, 23, 38, 35, 38, 30, 35, 36,  8, 35, 18, 34, 38, 43, 12, 31,  4, 18, 15, 17, 29, 40, 10,  3, 41, 10, 41,  8, 23,  8, 17,
    15,  6,  7, 18, 41, 40, 14, 18, 10, 44, 14, 22, 29, 39, 38, 43, 30, 43, 22, 43, 42, 45, 25, 26, 33, 24, 38, 42, 35, 39, 44,  9, 30,  7,
    43, 18, 20, 15, 42, 10,  6, 29, 15, 14, 36, 26, 27,  9, 14, 41, 29, 33, 19, 19, 11, 30, 30, 28, 39,  8, 37, 36, 19, 36, 16, 11, 29, 35,
    25, 11, 11, 34,  5, 24, 37, 21, 20, 35,  6, 30, 35, 28, 22, 37, 25,  6, 32, 42,  6, 14, 12, 20, 40,  4,  3,  5, 10, 33, 25, 34, 26, 40,
    22, 43, 44, 43, 40,  7,  9, 10, 14, 24, 27,  4, 31,  4, 15, 43,  7,  5, 10,  4,  7, 32, 33, 28,  6, 10, 31, 13, 41, 11,  6, 37, 20, 33,
     4, 18, 36,  4, 34, 30,  9, 27, 27, 19, 31, 43, 44,  7, 29, 18, 45, 24, 13,  7, 26, 43, 24, 15, 28, 43, 38, 45, 26, 36, 39, 24, 10, 39,
    19,  8, 42,  7, 18, 15, 29, 26,  5, 14, 22,  9, 29,  6, 45,  5, 12, 25, 36, 34, 28, 15, 19, 36,  4, 41, 27, 24, 32, 37, 24, 45, 27, 39,
    34, 38, 34, 39, 24,  3, 32,  5, 21, 44, 37, 41, 30, 41, 15, 35, 36, 25, 45, 14, 27, 36,  9, 32,  9, 38, 23,  8, 34, 22,  4, 36, 43,  6,
    35, 42, 43, 15, 14, 13, 11, 30, 30, 44, 14, 15, 45, 31,  6, 20, 39, 32, 14, 32,  7,  5, 22,  8, 41, 23,  5, 11, 41, 20, 33, 14, 43,  5,
    21, 25, 35, 24,  9,  7, 28, 35, 22, 17, 12, 15, 33, 31, 23, 10, 17, 20, 16, 21, 16,  3, 17, 30, 37,  7, 24, 18, 24, 34, 43, 20,  3, 12,
    25, 31, 33, 22, 30,  6, 29, 38, 25, 30, 44, 38, 16, 41, 42, 32, 31,  8, 10, 42, 39, 14, 16, 27, 24, 30, 33, 23, 35, 38, 27, 23, 18, 19,
     4,  3, 22, 26, 20, 43, 31, 24, 41,  3,  4, 10, 21, 16,  5, 30, 13, 38, 41,  5, 15, 26, 41, 37, 45, 34, 12, 34, 37, 19,  3, 15, 37, 37,
     6, 43, 18, 32,  4, 38, 27, 22, 36, 31, 34,  5, 43, 11, 41,  6,  8,  8, 16, 37, 25, 13, 10, 44, 12, 29, 30, 41, 18, 18, 12, 10, 14, 32,
    10, 32, 13, 11, 45, 15, 39, 19, 17, 21, 18, 15, 17, 42, 32, 44, 23, 23, 27, 15,  4, 27, 28,  4, 43, 21, 25,  8,  6, 43, 44, 21, 33, 21,
    32, 18, 18, 36, 26, 40, 30,  7, 12, 35, 38, 29, 12, 28,  4, 17, 42, 44,  6, 38, 12, 17, 42,  8, 23, 33, 14, 12, 38, 28, 45, 20,  3, 32,
    31, 19, 28,  8, 42, 29, 18, 38,  5, 36, 45, 12, 10, 39, 13, 37, 11,  7, 39,  8, 26, 37, 36, 18, 27, 21, 30, 31,  9, 21,  3,  5, 24, 18,
     4, 27,  8, 12, 22, 42, 41, 26, 44, 30, 38, 31, 27, 41],
   [38, 44, 38, 19, 29, 19, 22, 44, 32, 26, 26, 24, 28, 35, 21, 17, 20, 24, 16, 36, 16, 14, 38, 17, 24, 15, 41, 28, 13, 38, 31, 19, 23, 37,
    28, 31, 10, 17, 18, 31, 29, 25, 28, 21, 17, 11, 20, 43, 10, 37, 13, 18, 39, 37, 24, 26, 33, 33, 44, 24, 36, 39, 24, 24, 34, 19, 13, 13,
    17, 10, 35, 25, 31, 27, 27, 44, 28, 27, 18, 29, 35, 43, 33, 38, 25, 32, 37, 19, 18, 19, 24, 15, 12, 18, 30, 36, 25, 12, 41, 26, 18, 43,
    16, 37, 26, 24, 28, 16, 18, 30, 37, 20, 20, 25, 34, 34, 14, 26, 24, 15, 37, 12, 19, 27, 24, 12, 37, 33, 33, 24, 39, 33, 12, 12, 15, 25,
    11, 19, 31, 12, 28, 25, 26, 23, 29, 38, 29, 31, 25, 34, 27, 23, 20, 40, 19, 11, 41, 15, 43, 23, 30, 11, 31, 18, 28, 10, 42, 37, 26, 30,
    28, 40, 24, 26, 36, 19, 31, 29, 12, 28, 30, 33, 15, 23, 41, 32, 32, 24, 18, 43, 14, 32, 42, 34, 27, 30, 44, 44, 12, 15, 44, 11, 41, 39,
    38, 23, 22, 30, 31, 28, 22, 19, 42, 36, 10, 43, 22, 11, 23, 39, 35, 15, 37, 29, 10, 30, 24, 12, 35, 21, 26, 18, 30, 12, 34, 24, 26, 24,
    38, 17, 38, 13, 22, 15, 25, 16, 28, 42, 42, 43, 33, 43, 40, 15, 42, 17, 22, 35, 44, 28, 26, 17, 36, 23, 23, 42, 32, 22, 12, 43, 18, 38,
    14, 21, 16, 26, 12, 16, 16, 19, 16, 30, 23, 17, 17, 32, 16, 12, 21, 25, 11, 24, 32, 27, 12, 36, 15, 36, 39, 19, 11, 28, 41, 21, 22, 29,
    19, 30, 35, 24, 43, 21, 23, 12, 22, 33, 18, 27, 29, 19, 36, 16, 27, 19, 40, 10, 31, 25, 39, 22, 28, 17, 37, 12, 25, 40, 38, 30, 13, 11,
    15, 29, 28, 26, 29, 32, 16, 32, 23, 18, 27, 11, 18, 23, 15, 27, 18, 41, 19, 41, 39, 23, 18, 11, 26, 18, 39, 10, 16, 20, 19, 39, 17, 14,
    35, 26, 13, 12, 21, 22, 34, 35, 17, 35, 22, 16, 41, 40, 27, 29, 15, 21, 44, 22, 18, 44, 41, 36, 25, 31, 16, 33, 40, 20, 31, 32, 31, 13,
    25, 20, 11, 28, 43, 39, 24, 21, 33, 25, 11, 15, 17, 44, 36, 43, 13, 21, 35, 18, 11, 15, 37, 17, 13, 12, 27, 15, 27, 33, 44, 21, 19, 17,
    15, 21, 25, 33, 28, 15, 13, 23, 17, 20, 15, 24, 14, 44, 27, 43, 15, 39, 20, 24, 28, 14, 37, 37, 30, 13, 15, 10, 14, 36, 24, 36, 37, 27,
    40, 41, 27, 32, 17, 23, 33, 24, 14, 10, 39, 15, 22, 24, 44, 33, 21, 15, 29, 21, 29, 42, 15, 30, 20, 11, 42, 12, 14, 30, 18, 36, 30, 40,
    22, 18, 44, 23, 31, 23, 13, 12, 26, 29, 11, 23, 26, 36, 30, 23, 16, 11, 32, 25, 13, 39, 21, 31, 38, 28, 36, 27, 34, 31, 23, 33, 15, 12,
    10, 13, 25, 40, 20, 40, 25, 19, 12, 24, 10, 13, 32, 28, 39, 38, 13, 35, 14, 38, 41, 40, 39, 20, 12, 43, 20, 16, 28, 43, 16, 43, 42, 32,
    23, 28, 18, 19, 20, 43, 27, 43, 25, 40, 23, 33, 11, 34, 37, 16, 27, 23, 31, 34, 35, 34, 31, 22, 37, 40, 13, 30, 42, 28, 25, 40, 13, 11,
    17, 22, 10, 31, 31, 20, 25, 21, 37, 10, 40, 23, 40, 10, 26, 27, 37, 41, 14, 21, 17, 22, 40, 40, 14, 44, 23, 37, 41, 40, 43, 13, 14, 16,
    14, 18, 40, 42, 22, 37, 37, 13, 22, 12, 31, 43, 20, 42, 14, 21, 11, 18, 31, 17, 19, 15, 17, 16, 31, 16, 39, 32, 24, 34, 16, 18, 24, 38,
    35, 13, 32, 22, 16, 15, 27, 27, 10, 43, 31, 30, 34, 33, 22, 11, 14, 44, 10, 34, 28, 28, 39, 15, 41, 19, 37, 21, 21, 29, 28, 43, 23, 44,
    12, 34, 14, 38, 27, 12, 17, 37, 19, 31, 41, 17, 31, 12, 38, 10, 18, 40, 19, 38, 12, 16, 39, 16, 25, 24, 28, 21, 30, 29, 13, 39, 41, 15,
    20, 16, 40, 38, 19, 26, 30, 30, 32, 22, 39, 12, 41, 20, 17, 31, 24, 27, 23, 11, 43, 44, 44, 42, 32, 20, 37, 30, 19, 43, 21, 26, 22, 21,
    33, 34, 13, 30, 44, 32, 23, 27, 31, 44, 36, 32, 13, 35, 34, 30, 39, 41, 28, 32, 23, 40, 15, 32, 29, 10, 14, 32, 33, 34, 27, 30, 44, 10,
    38, 15, 32, 29, 27, 19, 35, 16, 31, 36, 37, 42, 22, 41, 23, 11, 35, 17, 11, 13, 22, 16, 29, 41, 43, 27, 19, 30, 43, 35, 24, 17, 36, 12,
    34, 22, 30, 32, 41, 27, 12, 29, 26, 14, 25, 42, 37, 31, 19, 14, 34, 42, 20, 14, 43, 23, 10, 32, 32, 34, 19, 44, 26, 29, 18, 34, 20, 23,
    35, 37, 19, 42, 42, 43, 14, 27, 41, 28, 36, 31, 42, 27, 43, 21, 20, 41, 42, 13, 26, 28, 19, 28, 18, 34, 10, 38, 30, 15, 33, 37, 37, 34,
    22, 29, 42, 13, 13, 38, 36, 22, 25, 18, 24, 37, 30, 18, 18, 13, 24, 33, 35, 44, 19, 33, 14, 12, 37, 34, 41, 40, 21, 15, 16, 34, 24, 25,
    21, 19, 36, 27, 24, 32, 24, 12, 33, 28, 39, 36, 32, 23, 30, 43, 37, 41, 25, 12, 38, 18, 36, 38, 24, 25, 34, 29, 24, 33, 41, 41, 23, 24,
    20, 33, 25, 33, 25, 32, 19, 32, 10, 11, 24, 42, 13, 21],
   [16, 29, 17, 28,  7, 36, 17, 21, 30, 40, 16, 34, 20, 35, 31, 38, 26, 10, 10, 25, 28, 25, 22, 34, 18, 33, 21, 19, 23, 29, 12, 36,  9, 18,
     7,  7, 12, 25, 13, 32, 11, 26, 22, 31, 30,  7, 20,  7, 14, 37, 34,  6, 32, 36, 19,  5, 33,  5, 18, 22, 20, 37, 20, 18, 17,  9, 22,  9,
    15,  6, 13, 15, 32, 21, 11, 32,  8, 10, 29, 19, 32, 23, 35, 20, 34, 27, 15, 26, 25, 26, 18, 22, 37, 29,  5,  9, 11, 21, 40,  8, 18, 17,
    14, 28, 21, 13, 34,  5, 11,  8, 30, 40,  7, 30, 23, 22,  7, 28, 35,  8, 23, 40, 17,  9, 27, 33,  7, 19, 21, 15, 35, 11, 37, 24, 24, 25,
    22, 17, 10, 17, 33, 11, 20, 37, 32, 10, 24, 37,  8, 17, 36, 10, 18,  6, 10, 28,  9, 11, 10, 38, 40, 34, 16, 27, 20, 19, 20, 12, 30, 19,
    29, 18, 13,  5,  5, 33,  5,  6, 11, 36, 18, 11, 15, 15, 40, 30, 32, 12, 28, 12,  5, 13, 18, 31, 16, 11, 30, 14, 13, 16, 27, 18, 11, 12,
    16, 20, 11, 19, 31, 14, 36, 36, 34, 11, 12,  5, 34, 30, 10, 32, 34, 14, 13, 34, 18, 10, 19, 34, 27, 14,  5, 21, 24, 16, 37, 15, 37, 36,
    20, 29, 17, 10, 14, 27, 10,  7, 38, 40,  6, 20, 10, 29, 27, 39, 27,  6, 35, 31, 24, 39, 10, 31, 23, 28, 28, 13, 39, 21, 28, 16, 30, 30,
    39, 28,  8, 26, 35, 25, 40, 35,  9, 20, 38, 23, 16, 25, 19, 13, 35, 31, 30, 37, 21, 32, 13, 28, 19, 17,  5, 26, 19,  5, 16,  7, 30, 13,
    36, 19,  9,  7, 21, 34, 26, 18, 25, 32, 31, 26, 16, 40, 27, 20, 38, 29, 31, 13, 33, 35, 32,  9, 38,  5,  6, 26, 31, 37, 19, 28, 38, 24,
    25, 38, 32, 21, 20,  6, 24, 21, 29, 27, 19, 28, 33, 26, 26, 30, 14, 38, 37, 38, 32, 20,  9, 29, 31, 15,  6, 14, 40, 22, 34, 18, 23, 28,
     5,  5, 31,  7,  8, 18, 16, 31, 11,  5, 39, 19, 19,  5, 26, 40, 26, 27, 36, 15, 14, 15, 24, 11,  5, 10, 24, 23, 35, 32, 11, 17, 33, 24,
     6, 30, 35, 33, 14, 33, 36, 32, 16,  5, 40, 12, 21, 38, 24, 29, 34, 11, 25,  5, 17, 37,  6,  5, 26, 18, 26, 26, 10, 18, 18,  8, 27, 18,
    10, 39, 25, 38, 35,  6, 11, 22,  8, 16, 19, 33, 36, 29, 15, 25, 26, 22, 39, 14,  8, 30, 10,  5,  7,  5, 36, 32, 22,  8, 30, 14,  7, 20,
    31, 11, 34, 38,  5, 37, 34,  8,  6, 25, 24, 17, 39, 28, 24, 22,  6, 23, 31, 23, 22, 24, 18,  9, 14, 15,  5, 31, 32,  8, 19, 33, 18, 32,
    21, 33, 39, 37, 39, 32, 23, 21, 13,  5, 10, 38, 19, 14, 30, 10, 19, 11, 16, 12, 24, 40, 17, 28, 30, 38, 16, 27,  8, 17,  8, 23, 30, 27,
    28, 16, 12, 16, 13, 29,  7, 15,  6, 10, 10, 33, 29, 30,  5, 38, 11, 17, 28, 29, 31, 22, 26, 17, 26, 24, 38, 35, 39, 14, 30, 29, 16, 10,
     9, 19, 29, 23, 19, 23, 33, 29, 16, 14, 34,  9, 24,  9, 32, 33, 20, 25, 16, 38, 17, 30, 18, 12, 17, 30, 23, 39,  8, 21, 22, 30,  7, 18,
    24, 26, 10, 18, 23, 13, 30, 12, 21, 33, 38,  7, 13, 12, 31, 17,  8, 26, 34, 40, 21,  5, 22, 32, 26, 22, 37, 19, 38, 31, 28, 13, 15, 34,
    34, 13, 31, 25, 12,  8, 19, 40,  7, 15,  9, 34,  6, 17, 36, 31, 23, 21, 33, 12, 24, 26, 10, 21, 33, 36, 13, 39, 15, 13, 23, 27,  9, 30,
    35, 30, 14, 24, 31, 23, 12, 29, 15, 33, 24, 25, 17, 35,  9, 34,  7, 37, 29, 11, 26, 40, 14, 35, 37, 15, 13, 27, 34, 27, 32, 30, 25, 34,
     5, 23, 26, 36,  7, 23, 24, 11, 21, 36, 11,  6, 32,  5, 38,  8, 40, 28, 35, 11, 23, 10, 31,  6, 11, 22, 39, 27, 21, 19, 24, 27, 18, 30,
    17, 14, 14, 39, 15,  9,  5, 23,  5, 22, 11, 15, 26, 39, 30, 22, 30, 22, 17, 38, 20, 27, 32, 25, 26, 26, 28, 32, 34, 20,  7, 10, 23,  9,
    26, 18, 16, 12, 15, 20,  8, 31, 37, 18, 35,  9,  9, 10,  7, 40, 35, 23, 39, 37, 33, 26, 19, 25, 26, 21, 19, 35, 26, 20, 25, 34, 25, 36,
    20, 11,  6, 17, 35,  6, 23, 40,  8, 17, 15, 27, 13,  7, 18, 40, 11, 19, 24, 37,  9, 38, 27, 28, 11, 22,  8, 40, 40, 30, 30, 28,  7, 24,
    14, 34,  8, 20, 28, 28, 38, 39, 20, 29, 36, 21, 37, 25, 18, 24, 22, 30,  8, 17, 34, 20, 32,  9, 30, 28, 22,  7, 14, 36, 24,  9, 40, 29,
    33, 17, 11, 33, 21, 10, 21, 17, 29, 37,  9, 39,  7, 37, 18, 30, 27, 37, 38, 14, 21, 32, 18,  8, 16, 31, 24,  8, 27, 32,  6, 18, 19, 29,
    39, 40, 12, 23,  8,  5,  6, 32, 18, 38, 37, 24, 11, 20, 14, 39, 34, 36, 28, 37, 11, 37, 40, 18,  9, 30, 38, 31, 31, 26, 28, 17, 25, 12,
    15, 31, 32, 26, 29, 18, 40,  7, 32, 27, 13, 20, 18, 35, 26, 23, 27, 12, 23, 23, 15, 20, 26,  9, 20, 26, 29, 32, 17, 16, 28, 16,  9, 22,
    21, 33, 10, 31, 14, 39, 28, 14, 21,  8, 12,  6, 17, 15],
   [43, 23, 37, 16, 42, 22, 18, 14, 15, 14, 17, 18, 38, 45, 23, 23, 16, 15, 14, 45, 27, 24, 11, 12, 33, 32, 44, 19, 13, 19, 12, 36, 24, 39,
    12, 23, 21, 13, 42, 29, 29, 13, 20, 11, 38, 13, 16, 27, 30, 13, 27, 19, 19, 20, 16, 14, 24, 35, 34, 44, 29, 16, 38, 29, 26, 31, 12, 29,
    21,  9, 20, 27, 32, 34, 13, 29, 15, 33, 13, 38, 28, 19, 28, 45, 26, 44, 12, 11, 37, 29, 34, 15, 30, 17, 36, 42, 14, 22, 26, 23, 38, 13,
    16, 19, 20, 29, 27, 21, 19, 19, 18, 40, 10, 35, 41, 22, 27, 13, 23, 13, 43, 33, 41, 16, 34, 27, 44, 37, 36, 12, 38, 16, 38, 10, 21, 39,
    11, 35, 16, 29, 26, 40, 25, 26, 41, 43, 39, 21, 24, 39, 39, 13, 10, 15, 12, 10, 38, 27, 35, 26, 25, 18, 14, 20, 26, 29, 36, 34, 28, 35,
    37, 20, 44, 14, 16, 19, 35, 29, 43, 17, 35, 17, 35, 10, 28, 14, 38, 13, 23,  9, 29, 21, 43, 18, 24, 26, 35, 32, 41, 21, 33, 33, 12, 36,
    25, 45, 14, 38, 16, 25, 43, 21, 45, 19, 24, 10, 42, 11, 15, 38, 12, 38, 32, 14, 14, 26, 13, 43, 40, 32, 44, 15, 14, 28, 20, 39, 31, 39,
    19,  9, 45, 32, 10, 12, 40, 25, 22, 37, 36, 15, 27, 33, 26, 23, 29, 45, 13, 44, 33, 29, 34, 13, 39, 37, 22, 19, 22, 23, 16, 39, 45, 36,
    29, 31, 14, 19, 23, 14, 29, 24, 28, 14, 19, 23, 30, 29, 38, 23, 37, 36, 38, 21, 33, 17, 19, 19, 43, 22, 34, 37, 10, 34, 30, 42, 29, 18,
    45, 13, 15, 32, 20, 24, 40, 12, 11, 22, 22, 20, 41, 23, 25, 39, 36, 40, 14, 17, 23, 42, 31, 10, 45, 25, 27, 24, 31, 34, 43, 27, 23, 13,
    22, 44, 22, 37, 34, 41, 34, 40, 44, 25, 22, 36,  9,  9, 43, 40, 33, 43, 22, 19, 36, 25, 13,  9, 43,  9, 18, 36, 32, 33, 37, 41, 41, 35,
    15, 45, 20, 24, 13, 21, 31, 24,  9, 45, 40, 11, 28, 11, 19, 24, 15, 45, 28, 20, 43, 12, 15, 33, 24, 23, 29, 36, 34, 38, 10, 19, 19, 28,
    24, 23, 40, 12, 34, 39, 44, 22, 12, 45, 23, 26, 27, 33, 10, 34, 38, 29, 26, 12, 34, 17, 24, 36, 16, 20, 26, 21, 33,  9, 31, 15, 27, 20,
    29, 24, 12, 30, 16, 14, 16, 37, 10, 29, 19, 21, 35, 10,  9, 45, 43, 10, 23, 32, 31, 32, 14,  9, 15, 35, 26, 45, 23, 29, 26, 23, 12,  9,
    35, 34, 11, 45, 44, 18, 22, 36, 45, 38, 16,  9, 40, 25, 14, 35, 30, 17, 12, 27, 12, 11, 22, 17, 16, 31, 26, 20, 32, 32, 27, 15, 29, 14,
    24, 11, 13, 36, 12, 35, 25, 28, 17, 32, 20, 29, 18, 23, 20, 25, 21, 44, 30, 17, 30, 29, 21, 30, 36, 26, 36, 36, 36, 40, 35, 34, 22, 29,
    23, 22, 15, 45, 42, 25, 19, 30, 41, 26, 17, 11, 31, 35, 43, 25, 16, 24, 37, 31, 33, 42, 29, 27, 39, 37, 27, 23, 44, 29, 37, 38, 45, 17,
    14, 14, 18, 22, 41, 21, 36, 23, 15, 20, 20, 19, 28, 45, 20, 36, 21, 25, 23, 41, 28, 26, 13, 20, 44, 38, 44, 42, 17, 11, 20, 20, 25, 26,
    17, 24, 14, 36, 35, 32, 37, 21, 12, 26, 34, 32, 36, 13, 14, 17, 11, 30, 24, 17, 13, 21, 39, 39, 32, 31, 40, 24, 33, 27, 34,  9, 42, 45,
    27, 13, 13, 18, 37, 45, 41, 28, 32,  9, 28, 29, 37, 35, 27, 23, 44, 33, 26, 25, 21, 36, 11, 39, 17, 23, 40, 16, 17, 26, 36, 14, 14, 40,
    32, 21, 12, 32, 23,  9, 16, 39, 34, 40, 22, 29, 20, 42, 26,  9, 45, 21, 27, 21, 41, 43, 41, 42, 32, 37, 44, 20, 38, 16, 17, 18, 40, 25,
     9, 14, 19, 41, 24, 12, 23, 43, 45, 40, 36, 13, 10, 42, 31, 18, 28, 23, 18, 34, 15, 24, 27, 38, 37, 41, 42, 34, 17, 43, 29, 27, 43, 19,
    34, 31, 18, 41, 16, 14, 25, 12, 10,  9, 26, 35, 14, 42, 35, 16, 32, 28, 40, 26, 22, 15, 10, 37, 42, 45, 30, 45, 11, 20, 34, 36, 14, 14,
    37, 14, 41, 41, 32, 20, 30, 35,  9, 43, 38, 39, 32, 31, 32, 38, 23, 30, 11, 31, 17, 29, 44, 34, 16, 39, 15, 16, 16, 31, 43, 27, 33, 37,
    35, 25, 15, 25, 41, 26, 34, 22, 30, 21, 42, 33, 26, 26, 16, 28, 32, 35, 35, 44, 44, 41, 31, 18, 19, 18,  9, 44, 19, 13, 19, 35, 29, 27,
    16, 31,  9, 22, 17, 45, 39, 12, 28, 40, 23, 44, 42, 34, 19, 20, 15, 43, 10, 28, 16, 40, 12, 16, 22, 37, 26, 31, 27, 16, 32, 15, 42, 37,
    44, 21, 21, 20, 40, 43, 30, 39, 23, 13, 40, 15, 11, 31, 16, 31, 13, 35, 17, 31, 28, 35, 26, 40, 29, 25, 19, 10, 25, 35, 15, 23, 12, 41,
     9,  9, 31, 43, 21, 44, 21, 27, 29,  9, 44, 23, 41, 25, 45, 44, 20, 29, 31, 35, 45, 10, 21, 43, 40, 18, 17, 15, 32,  9, 29, 28, 11,  9,
    31, 27, 43, 14, 10, 32, 23, 20, 45, 44, 35, 17, 36, 31, 15, 24, 45, 17, 29, 28, 24, 24, 17, 21, 15, 31, 29, 30, 40, 31, 28, 11, 14, 29,
    45, 23, 10, 17, 32, 16, 21, 32, 34, 31, 17, 29, 26, 30],
   [38, 20, 30, 15, 24, 28, 29, 18, 23, 33, 29, 27, 20, 14, 25, 18, 10, 32, 29, 21, 33, 13, 11, 38, 20, 18, 26, 15, 33, 18, 17, 26, 38, 26,
    34, 13, 26, 21, 36, 38, 19, 10, 15, 14, 12, 12, 26, 25, 18, 25, 13, 17, 25, 19, 20, 39, 17, 14, 15, 24, 26, 27, 40, 16, 16, 13, 39, 35,
    29, 38, 31, 22, 23, 31, 32, 19, 40, 30, 14, 25, 11, 13, 37, 23, 37, 12, 10, 26, 23, 27, 31, 19, 39, 35, 31, 19, 10, 19, 34, 16, 26, 17,
    39, 23, 36, 25, 23, 20, 31, 40, 17, 38, 12, 37, 35, 40, 24, 34, 35, 30, 24, 23, 20, 37, 12, 34, 35, 35, 30, 15, 18, 13, 18, 14, 37, 10,
    39, 23, 18, 12, 33, 25, 39, 40, 10, 39, 13, 15, 13, 35, 25, 18, 23, 32, 37, 26, 34, 22, 32, 33, 40, 29, 14, 11, 23, 37, 25, 31, 31, 28,
    15, 36, 31, 35, 36, 39, 38, 38, 14, 10, 17, 30, 16, 14, 19, 19, 25, 29, 20, 29, 40, 27, 19, 18, 39, 15, 38, 11, 15, 19, 11, 37, 36, 30,
    36, 11, 21, 20, 34, 21, 38, 26, 17, 34, 15, 18, 15, 26, 38, 33, 12, 35, 29, 19, 18, 12, 38, 25, 15, 35, 14, 28, 14, 15, 19, 39, 26, 25,
    35, 13, 38, 24, 28, 27, 40, 16, 16, 26, 38, 32, 12, 32, 38, 28, 34, 13, 19, 26, 34, 17, 11, 40, 21, 28, 39, 26, 18, 28, 28, 33, 18, 25,
    25, 13, 11, 28, 26, 14, 39, 20, 29, 22, 31, 31, 15, 25, 30, 37, 24, 34, 10, 28, 35, 35, 31, 28, 12, 20, 24, 34, 18, 31, 22, 27, 36, 34,
    33, 15, 12, 31, 22, 19, 18, 32, 20, 27, 22, 14, 32, 38, 19, 12, 26, 16, 36, 15, 39, 36, 14, 20, 33, 13, 16, 40, 16, 35, 38, 23, 31, 13,
    40, 15, 35, 37, 28, 34, 29, 19, 18, 20, 21, 14, 13, 17, 33, 40, 25, 26, 39, 11, 34, 26, 10, 23, 25, 33, 23, 30, 19, 31, 20, 16, 38, 16,
    35, 33, 39, 15, 21, 18, 16, 33, 31, 14, 11, 29, 32, 35, 24, 27, 25, 32, 28, 12, 39, 18, 37, 36, 33, 35, 40, 20, 38, 25, 39, 21, 35, 14,
    10, 10, 17, 32, 25, 18, 12, 35, 36, 19, 17, 21, 34, 22, 16, 23, 11, 36, 37, 24, 29, 36, 32, 26, 37, 13, 24, 36, 30, 16, 11, 26, 29, 26,
    34, 22, 28, 23, 40, 11, 38, 40, 15, 25, 39, 24, 25, 31, 17, 21, 24, 38, 34, 24, 29, 22, 36, 31, 33, 10, 31, 14, 36, 28, 38, 37, 29, 20,
    30, 23, 25, 40, 36, 23, 24, 36, 21, 17, 30, 22, 27, 28, 32, 29, 19, 11, 34, 12, 25, 11, 23, 12, 20, 12, 16, 35, 29, 20, 36, 23, 28, 39,
    37, 30, 22, 38, 17, 38, 21, 34, 11, 19, 18, 21, 11, 19, 16, 18, 25, 27, 34, 37, 16, 12, 31, 16, 10, 24, 15, 17, 10, 15, 24, 13, 36, 38,
    17, 30, 33, 27, 30, 20, 27, 28, 17, 10, 13, 40, 22, 27, 31, 19, 38, 23, 14, 36, 39, 12, 32, 25, 33, 23, 40, 34, 28, 31, 22, 19, 31, 38,
    16, 37, 21, 16, 32, 36, 19, 35, 21, 28, 10, 24, 34, 39, 19, 28, 13, 11, 39, 10, 11, 29, 37, 18, 28, 27, 31, 13, 35, 18, 21, 10, 32, 17,
    25, 20, 24, 23, 27, 35, 38, 25, 32, 28, 39, 32, 17, 31, 16, 28, 10, 15, 15, 37, 10, 27, 19, 28, 28, 21, 21, 38, 38, 16, 15, 35, 37, 36,
    17, 18, 19, 39, 17, 17, 34, 33, 36, 36, 37, 29, 35, 27, 28, 40, 27, 35, 38, 11, 28, 38, 37, 33, 15, 35, 37, 27, 33, 19, 27, 24, 30, 31,
    23, 12, 35, 30, 13, 24, 14, 34, 17, 33, 26, 28, 17, 10, 32, 36, 13, 37, 21, 15, 18, 18, 30, 15, 20, 13, 30, 32, 15, 36, 15, 37, 12, 37,
    17, 35, 34, 18, 28, 35, 23, 10, 23, 30, 26, 16, 12, 10, 37, 28, 33, 39, 10, 23, 22, 16, 25, 11, 37, 19, 21, 24, 24, 34, 19, 12, 17, 30,
    25, 23, 22, 13, 36, 24, 26, 36, 21, 28, 18, 13, 10, 25, 39, 33, 36, 17, 31, 30, 14, 15, 35, 40, 37, 33, 26, 15, 35, 27, 28, 38, 30, 36,
    13, 26, 20, 33, 30, 18, 19, 15, 30, 32, 15, 33, 21, 40, 21, 39, 40, 31, 35, 27, 11, 26, 15, 30, 12, 33, 38, 16, 34, 13, 20, 40, 35, 33,
    23, 18, 32, 22, 37, 39, 24, 27, 25, 23, 30, 17, 35, 12, 15, 24, 35, 40, 28, 14, 34, 37, 15, 40, 23, 29, 27, 37, 20, 21, 33, 20, 40, 20,
    16, 13, 34, 21, 36, 27, 19, 21, 20, 23, 14, 16, 19, 32, 13, 34, 40, 28, 15, 12, 28, 35, 38, 23, 14, 35, 38, 13, 36, 20, 31, 28, 16, 30,
    26, 30, 12, 31, 25, 36, 19, 15, 39, 23, 36, 13, 18, 12, 16, 17, 17, 40, 38, 19, 18, 20, 15, 26, 25, 36, 21, 23, 39, 15, 35, 40, 25, 38,
    30, 11, 29, 30, 22, 26, 25, 18, 23, 24, 17, 31, 30, 27, 40, 18, 28, 31, 40, 40, 21, 32, 20, 19, 30, 11, 13, 35, 33, 21, 28, 25, 15, 33,
    13, 10, 40, 18, 34, 29, 15, 38, 34, 39, 13, 35, 11, 38, 29, 20, 27, 33, 37, 16, 35, 17, 36, 22, 18, 25, 27, 12, 16, 28, 33, 40, 39, 18,
    38, 35, 10, 11, 29, 36, 19, 25, 38, 30, 18, 29, 40, 27],
   [38, 48, 40, 37, 10, 11, 42, 39, 11, 26, 23, 15, 42, 17, 46, 24, 48, 49, 23, 19, 40, 48, 24, 42, 11, 22, 46, 15, 45, 27, 14, 48, 37, 39,
    11, 40, 19, 45, 22, 14, 37, 12, 11, 18, 44, 26, 24, 34, 44, 20, 14, 37, 38, 35, 10, 10, 18, 18, 47, 32,  9, 42, 17, 40, 37, 38, 21, 34,
    43, 48, 48, 10, 28, 26, 17, 24, 40, 21, 17, 40, 20, 34, 19, 43, 22, 17, 36, 38, 30, 12, 13, 26, 30, 13, 20, 22, 39, 22, 43, 39, 36, 49,
    22, 20, 28,  9, 44, 35, 36, 40, 21, 42, 34, 29, 18, 20, 43, 34, 24, 29, 48, 26, 33, 16, 38, 30, 42, 39, 38, 38, 13, 14, 18, 12, 48, 15,
    17, 18, 15, 19, 30, 32, 21, 30, 17, 13, 24, 40, 26, 17, 27, 46,  9, 44, 33, 10, 28, 30, 13, 41, 45, 23, 12, 32, 29, 11, 17, 31, 40, 13,
    31, 18, 25, 34, 18, 22, 25, 44, 37, 24, 19,  9, 16, 19, 34, 12, 22, 34, 26, 21, 45, 39, 40, 47, 29, 43, 25, 46, 19, 15, 35, 34, 39, 32,
    41, 37, 28, 10, 18, 46, 19, 21, 36, 29, 16, 19, 46, 27, 40, 48, 29, 44, 42, 14, 41,  9, 41, 17, 28, 10, 26, 42, 15, 45, 47,  9, 41, 17,
    29, 37, 41, 35, 29, 37, 23, 10, 17, 12, 20, 36, 35, 20, 35, 20, 21, 23, 39, 43, 28, 15, 35, 20, 28, 29, 29, 12, 34, 15, 26, 14, 48, 26,
    44, 49, 13, 36, 28, 23, 36, 31, 39, 12, 27, 36, 49, 35, 25, 48, 15, 23, 40, 47, 39, 30, 29, 37, 40, 25, 14, 17, 35, 26, 14, 31, 36, 22,
    23, 39, 41, 37, 41, 46, 16, 45, 43, 22, 36, 33, 38, 44, 42, 26, 30, 33, 23,  9, 39, 43, 14, 43, 37, 28, 15, 15, 23, 46, 29, 18,  9, 17,
    40, 30, 20, 29, 45, 44, 36, 38, 19, 21, 21, 21, 43, 25, 32, 22, 11, 28, 49, 39, 22, 29, 42, 38, 21, 35, 24, 11, 27, 35, 40, 10, 11, 29,
    48, 34, 27, 23, 17, 49,  9, 11, 10, 45, 16, 24, 25, 26, 45, 46, 45, 42, 48, 14, 11, 12, 21, 18, 11, 15, 31, 39, 27, 12, 40, 48, 26, 12,
    31, 20, 47, 44, 35, 44, 31, 12, 17, 33, 41, 48, 41, 34, 13, 44, 15, 36, 39, 20, 10, 10, 17, 24, 36, 43, 32, 37, 11, 31, 44, 32, 26, 45,
    19, 49, 34, 19, 37, 13, 22, 19, 11, 16, 27, 18, 25, 23, 33, 22, 48, 13, 27, 16, 45, 31, 45, 25, 33, 24, 25, 43, 43, 16, 30, 19, 44, 25,
    41, 14,  9, 20, 31, 45, 40, 27, 16, 39, 48, 44, 49, 11, 10, 18, 14, 45, 13, 23, 32, 22, 28,  9, 22, 23, 10, 10, 23, 29, 12, 13, 28, 20,
    14, 42, 20, 10, 47, 42, 10, 44, 31, 22, 37, 43,  9, 47,  9, 29, 29, 13, 37, 18, 29, 27, 10, 46, 38, 26, 38, 21, 21, 12, 17, 32, 11, 12,
    24, 28, 13, 21, 16, 15, 32, 37, 10, 31, 38, 29, 38, 19, 37, 21, 18, 47, 41, 23, 41, 36, 43, 16, 31, 16, 18, 27, 21, 27, 42, 43, 25, 44,
    17, 21, 29, 41, 46, 48, 37, 39, 16, 41, 29, 43, 46, 34, 31, 13, 28, 38, 14, 10, 25, 18, 29, 23, 49, 43, 35, 42, 32, 36, 16, 28, 37, 48,
    23, 41, 11, 19, 34, 27, 33, 14, 37, 16, 38, 41, 46, 28, 42, 12, 26, 34, 20, 24, 29, 35, 15, 43, 48, 28, 29, 32, 44, 35, 24, 46, 21, 24,
    22, 30,  9, 47, 26, 21, 27, 39, 23, 12, 17, 26, 15, 43, 30,  9, 21, 27, 41, 17, 33, 43, 41, 18, 33, 29, 31, 43, 11, 44, 21, 36, 46, 49,
    36, 24,  9, 11, 32, 32, 33, 24, 24, 16, 43, 40, 26, 19, 44, 14, 17, 41, 46, 19, 16, 20, 18, 13, 21, 21, 43, 39, 21, 47,  9, 43, 26, 15,
    16, 12, 18, 41, 15, 37, 14, 36, 48, 13, 40, 20, 47, 16, 25, 40, 29, 30, 35, 31, 47, 13, 21, 16, 25, 20, 25, 32, 29, 10, 12, 19, 24, 27,
    25, 20, 10, 47, 21, 37, 11, 15, 44, 39, 14, 36, 44, 35, 18, 46, 42, 42, 29, 23, 12, 11, 44, 28, 49, 27, 36, 21, 44, 34, 36, 46, 12, 17,
    32, 26, 21, 47, 19, 18, 17, 27, 44, 21, 36, 22, 38, 33, 18, 25, 45, 38, 38, 17, 45, 18, 30, 44, 30, 12, 23, 42, 13, 44, 16, 26, 17, 44,
    49, 20, 11, 30, 47, 48, 48, 32, 20, 15, 30,  9, 16, 48, 11, 44, 39, 27, 21, 42, 28, 20, 14, 28, 38, 37, 33, 27, 41, 45, 15, 36, 30, 32,
    44, 18, 20, 44, 31,  9, 48, 19, 45, 21, 41, 18, 41, 40, 33, 28, 42, 17, 15, 43, 25, 33, 19, 30, 39, 25, 19, 16, 27, 37,  9, 36, 29, 13,
    13, 46, 16, 18, 33, 42, 19, 22, 32, 39, 26, 30, 11, 15, 25, 46, 15, 49, 27, 10, 26, 14, 12, 29, 26, 44, 16, 16, 39, 16, 14, 23, 20, 22,
    23, 33, 31, 26, 21, 49, 42, 24, 25, 20, 47, 27, 17, 19, 24,  9, 14, 32, 29, 21, 49, 30, 11, 17, 12, 23, 42, 27,  9, 10, 19, 36, 44, 19,
    35, 40, 13, 34, 42, 31, 30, 37, 22, 25, 18, 25, 16, 23, 49, 45, 24, 30, 12, 48, 23, 22, 18, 25, 24, 15, 33, 35, 43, 12, 23,  9, 21, 16,
    24, 17, 40,  9, 37, 31, 29, 10, 49, 34, 32, 47, 48, 20],
   [10, 15, 20,  6, 34, 27, 37, 36, 17, 10, 40, 41, 42, 10, 15, 12, 28, 18, 20, 38, 12,  8, 34, 34,  4, 17, 22,  4, 31,  9, 39, 19,  9, 15,
    14,  7, 40,  7, 18,  8, 18, 40, 23,  5, 19, 41, 33, 18, 39, 28, 25, 17, 31, 30, 13, 31, 37, 28, 37, 19, 30, 13, 27, 22, 28, 14, 24, 19,
    36, 36, 21, 36, 19,  9, 39, 29, 17, 20, 35, 29, 42, 14, 17, 36, 15, 37, 36, 21, 17, 35, 18, 42, 24, 35,  6, 16,  7, 32, 37,  5, 23, 30,
    34, 11, 36, 30, 29,  5,  6, 41, 42, 35, 11, 16,  5, 42, 11,  6,  7, 42,  8, 15,  6, 10, 29, 18,  6, 41, 27, 30, 11, 25, 21, 39, 26, 23,
    28, 41, 30,  4, 31, 30, 18,  7,  7, 18, 20, 26, 18,  9, 22, 29,  8, 15, 40, 41, 21, 21, 14, 36, 42, 15, 11,  7, 30, 37, 40, 18, 41, 12,
    40, 33, 36, 22, 36,  4, 42, 31, 23, 20, 28, 38, 39, 17, 36, 27, 13, 18,  8, 40, 39,  6, 15, 25, 17, 24, 37, 18, 17, 42,  6, 20, 28, 19,
     6, 18, 25, 23, 37, 35, 20, 22, 28, 40, 18, 17, 21, 34, 28, 18, 40,  5, 29,  8, 28,  9,  4, 25, 41, 31, 28, 36,  8, 26, 39, 21, 27, 10,
    19, 12, 30, 19, 31, 24, 27, 40, 12, 29, 27, 39, 12, 31,  9, 14, 11, 20, 18, 31, 25, 37,  9, 24, 22, 31, 14,  6, 24, 33, 40, 37, 23, 24,
    14, 24, 17, 12, 18, 18,  7, 28, 25, 10, 16, 10,  8,  8, 16,  6, 32, 30, 34, 32, 19, 40, 35, 29, 16, 10, 28, 16, 34, 37, 35, 34, 36, 41,
    11, 28, 12,  7, 16, 30, 15, 31, 37, 27, 29, 34, 13,  9, 23, 29, 33, 17, 35, 28,  9, 16, 19, 22, 16,  8, 34,  5, 22, 16, 34, 18, 25, 28,
    40, 20,  7,  4, 14, 36, 42, 10, 32, 41, 34, 10, 29, 19, 36, 14, 19, 38, 40, 13,  6,  8, 33, 24, 35, 22, 24, 42, 23, 23, 35, 30, 22, 35,
    20, 34, 30, 25, 15, 42, 21, 35, 20, 12,  7, 40,  4, 38, 19,  7, 17, 24, 27, 28,  8, 12, 12, 23, 29, 36, 26, 14, 25, 15, 36, 34,  6, 27,
    15, 11,  4, 23,  6, 37, 27, 30, 11,  7, 26, 33, 10, 24,  5, 41, 41, 11, 11, 31,  6, 10, 29, 40, 31, 26, 17,  5, 35, 34, 24, 10, 13, 40,
    38, 23, 39, 20, 33,  6,  7, 31, 35,  6, 12, 32, 39, 38,  8, 15, 32, 10, 11, 15, 28, 27,  4, 33, 24, 13,  8, 31, 21, 11, 26,  6, 17, 23,
     9,  5, 38, 11, 27, 15, 15, 39, 16, 36, 10, 41, 15, 30, 41, 21, 32, 25, 12,  9, 37, 30, 34, 25, 17,  8, 31, 32, 18,  5, 18, 25, 28, 40,
    41, 16, 11,  9, 39, 32, 13, 12, 35, 33, 40, 36,  7, 10, 42,  5, 21, 33, 19, 39, 36,  4,  4,  4, 37, 36,  4,  7,  4, 34, 18, 20, 25, 27,
     5, 38, 34, 14, 10, 41, 24, 37, 24, 40, 32, 38, 26, 19, 29, 38, 36, 24, 33, 37, 26, 19, 38, 28, 15, 19, 27, 32, 19, 14, 18, 18, 38, 36,
    25, 36, 23, 37, 35, 27, 14,  9,  5, 17,  6, 12, 17, 25, 14,  8, 23, 42, 24, 36, 39, 34, 22, 27, 40,  5, 34,  7, 22,  8, 39, 25, 15, 16,
    31,  7, 35, 24, 10,  6, 21, 37, 26, 23,  9, 30, 40, 31,  7, 33, 17, 14, 15, 24, 38,  5, 28, 17, 35, 31, 39, 33, 35, 42, 15, 24, 42, 32,
    33, 37, 18, 16,  7, 18, 11,  9, 11,  4, 16, 40, 38, 40, 11, 25, 13, 28, 41,  6, 19, 17, 11, 27, 40, 17,  9, 22, 40, 35, 33, 11, 26, 38,
    26, 40, 32, 11, 24, 35, 35, 24, 29, 21, 37, 27, 19, 25, 31,  6, 26,  8, 17, 17, 10, 22, 26,  7, 33, 31, 38, 35, 39, 41, 38, 38, 13, 16,
    13, 34, 22,  6,  5, 40, 39, 23, 11, 19, 40, 37, 38, 36, 18, 35, 36, 17, 33,  6, 27, 12, 17, 25, 13, 34, 13,  5, 33, 27, 23,  8, 16, 18,
    31, 32, 38, 35, 21, 30, 38, 33, 38, 27, 30, 42, 36, 40,  9, 40, 14, 37, 22, 26, 38, 42, 16, 11,  8, 41, 18, 18, 37, 33, 24, 40, 29, 35,
    25, 39, 14, 35, 26, 11, 29, 23, 25, 23,  9, 31, 22, 42,  4, 40,  7, 40, 11, 23, 39, 20, 25, 12, 22, 23, 16, 26, 26, 21, 31, 31, 27, 23,
    20, 26, 25, 19,  8, 21, 28, 42, 22, 41, 33, 32, 24, 11, 23, 24,  6, 32,  9, 24,  4,  7, 32, 32, 29, 13, 42, 15, 12, 20, 27, 18, 21, 30,
     8, 14, 34, 10, 32, 22, 31, 13, 16, 21,  8, 41, 31, 23,  9, 14,  5, 30, 33, 13, 26, 20, 22, 18, 19, 37, 33, 17,  4, 11, 23, 36,  6,  7,
    16, 42, 27, 33, 25,  8, 24, 16, 26, 32, 13, 32, 11, 36, 27, 42,  7, 13, 30, 33, 37, 18, 35, 32, 13, 27,  7, 21, 35, 26, 33,  7, 10, 17,
     9, 27, 38, 15, 42, 30, 17, 31, 11, 28, 18, 40, 19, 37, 22, 35, 12, 21, 24, 24, 38, 30, 10,  5, 17,  6, 34, 18, 10, 41, 28, 21, 12, 42,
    28, 17, 14, 33, 17,  4, 41, 19, 34, 11,  9, 34, 31, 30, 11, 26, 36, 17,  5, 35, 38, 37,  8, 32, 11, 27, 17, 29, 39, 26, 17, 24, 18, 37,
    11, 30,  7, 20, 31, 22, 33, 23, 36, 10, 10,  9, 32, 26],
   [18, 30, 22, 48, 40, 22, 10, 18, 38, 17, 40, 21, 39, 17, 33, 14, 46, 14, 10, 44, 37, 29, 41, 34, 36, 12, 43, 10, 36, 11, 15, 14, 17, 10,
    34, 25, 48, 30, 34, 17,  6, 22, 40,  9, 10, 40,  9, 42, 43, 48, 47, 41, 47, 34,  7,  8,  9, 29, 22, 31, 28, 33, 17, 47, 48, 18, 17, 48,
     7, 45, 23, 10, 25, 30, 14, 46, 41, 20, 47, 10,  8, 19, 11, 26, 12, 13, 40, 42, 26, 38,  7, 30, 37, 26, 41, 44, 17, 36, 33, 48,  6, 47,
    29, 15, 29, 23, 31, 36, 14, 23, 36, 10, 13, 34, 45, 15, 24, 22, 45, 24, 26, 45, 18, 23, 26, 28, 48, 40, 28, 16, 15, 44, 48, 36, 25, 37,
    12, 10, 20, 20, 35, 25, 28, 30, 14, 23,  7, 46,  9, 33,  6, 26, 14, 26, 45, 20, 15, 39, 18,  6, 13, 38,  7, 12, 20, 31, 40,  8, 34, 26,
    21, 33, 10, 20, 31, 41, 48, 31, 17, 35, 12, 45, 12, 44, 32, 15, 32, 20, 16, 43, 36, 42, 24, 11, 37, 24, 45, 48, 35, 27, 29, 20, 32, 37,
    40, 23,  6, 13, 33, 16, 34, 21, 33, 19, 20, 13, 12, 43, 41, 41, 12, 32,  9, 12, 30, 36, 11, 33, 12,  7, 26, 48, 37, 48, 38, 38, 12, 26,
    37, 41, 45, 17, 20, 16, 11, 15, 37, 27, 17, 46, 21, 31, 34,  6, 18, 14, 46, 22, 29, 22, 14, 22, 22, 38, 35, 39, 13, 39, 26, 45, 12, 42,
    33, 36, 43, 20, 46, 13, 28, 36, 32, 30, 33, 25, 41, 35, 31,  9, 26, 34, 37, 10, 29,  9, 14, 18, 11, 36, 46, 24, 33, 33, 30, 10, 43,  6,
    34, 30, 45, 12, 11,  7, 23, 33,  9, 38, 10, 34,  6, 25, 48, 26, 29, 20, 20, 33,  8, 47, 37, 44, 21, 22,  8, 15, 44, 26, 22, 35, 27, 26,
    34, 44, 34, 40,  9, 21, 14, 47, 39, 38,  8, 11, 12, 14, 15, 33, 35, 39,  6,  6,  7, 36, 43, 48, 31, 28, 47, 35, 44, 22, 16,  7, 27, 28,
    13, 47,  6, 20, 22, 18, 44, 22, 32, 37, 30, 35, 26, 24, 10, 44, 22, 13, 44, 27, 39, 26, 25, 13, 20, 13,  9, 24,  8, 35, 11,  9, 37, 19,
    30, 11, 40, 28, 30, 26, 32, 43, 34, 45, 23, 33,  8, 18, 32, 40, 23, 28, 17, 19, 37, 18, 35, 43, 28, 13, 26, 44, 47, 41, 38, 25, 15, 20,
    47, 32, 17, 38, 26, 40, 29, 24, 40, 20, 29, 25, 17, 21, 39, 30, 39, 36, 32, 47, 15, 22, 33, 42, 48, 18, 16, 24, 11, 35,  8, 28, 25, 17,
    16, 10, 19, 42, 10, 31, 44, 43, 29, 14, 30, 41, 36, 24, 23, 46, 46, 39, 38, 35, 31, 28, 14,  8, 22, 42, 26,  8, 26, 38, 29, 18, 41, 34,
    43, 41, 27,  8, 21, 25, 25, 12, 28, 38, 31,  9, 33, 46, 22, 31, 39, 47, 10, 31, 14, 48, 40, 21, 27, 17,  9,  8, 46, 25, 42, 34, 15, 33,
    25, 37, 33, 25, 10, 31, 15, 20,  7, 39, 26, 24, 16, 21, 27, 17, 11,  9, 39, 20, 19, 26, 20, 42, 14, 45, 41, 30, 34, 37, 44, 18,  8, 36,
     7, 16, 45, 18, 23, 22, 46, 11, 33, 35,  9, 28, 41, 46, 39,  7, 15, 14, 35, 18, 32, 29, 37, 16, 11, 44, 19, 24, 15, 36, 17, 16, 43, 42,
    39, 26, 26, 13, 44, 40, 10, 28, 32, 45,  7, 33, 48, 33, 25, 28, 29, 33, 28, 38, 11,  9, 32, 15, 28, 38, 13, 37,  7, 46,  6, 44, 48, 20,
    34, 29, 11, 35, 26, 28, 45, 12, 37, 31, 35, 48, 10,  6, 17, 22, 30, 24, 20, 45, 22, 27, 32, 47,  7, 19, 26,  9, 28, 25, 41, 38, 37, 19,
    40, 46, 31, 31, 47, 44, 19, 29, 43, 21, 35, 47, 30, 28, 33, 27, 45, 45, 17, 10, 30, 47, 10, 18,  9, 45, 32, 24, 19,  9, 26, 22, 20, 20,
    33, 17, 40, 17, 47, 16, 33, 14, 29,  9, 32,  7,  9, 39, 20, 38, 11, 12, 11, 29, 42, 23, 43, 38, 43, 11, 48, 43, 14, 12, 10, 43,  8, 15,
    18, 40, 48, 44, 47, 26, 21, 25,  8, 40, 10, 34, 22, 32, 22, 35, 47, 11, 38, 20, 45, 46,  6, 35, 13, 18, 40, 47,  6, 27, 29, 45, 38, 44,
    25, 17, 29, 29, 48, 33, 32, 33, 21, 33,  9, 34, 12, 36, 35, 26, 39, 15, 12, 36, 17, 21, 15, 19, 36, 21, 27, 43, 28, 35, 23, 16, 23, 46,
    47, 29, 12, 45, 30, 21, 46, 34, 20, 25, 30, 17, 20, 33, 33, 46,  6, 25, 43, 37, 47, 23, 16, 36, 12, 48, 36, 48,  8, 47, 48, 34, 31, 30,
    45, 44, 12, 16, 24, 16, 37, 29, 34, 26, 17, 42, 41, 43, 12, 46, 22, 30, 23, 17, 47, 24, 40,  6, 12,  8, 48, 48, 29,  8,  8, 19, 35, 12,
    11, 21,  8, 24, 20, 29, 20, 42, 24, 19, 15, 40, 44, 24, 11, 28, 31, 42, 22,  9, 38, 40, 16, 13, 47, 44, 29, 40, 35, 33, 16,  7, 15, 35,
    35, 31,  6, 29, 38, 34, 46, 35, 16, 22,  9, 11, 24, 40, 34, 41, 41, 37, 21, 38, 26, 34, 34, 35, 14, 28, 24, 29, 44, 26, 29, 11, 22, 11,
    12, 42, 19,  8, 28, 40, 32, 17, 33, 28, 38, 45, 21,  7, 34,  6, 46, 34, 35, 42,  9, 22,  6, 19, 48, 33,  6, 43, 12, 35, 27, 38, 39,  6,
    30, 24, 48, 43, 29, 15, 37, 28, 19, 16, 27, 35, 11, 25],
   [17, 40, 10, 22, 39,  5,  6, 38, 36, 17, 26, 38, 26,  5, 33, 27, 13, 13, 11, 37, 17,  4,  9, 41, 19, 22, 19, 32, 39, 25, 33, 19,  5, 30,
    25,  9, 23, 30, 15, 27,  5,  6, 35, 29, 13, 10, 26, 37,  9, 37,  6,  6, 11, 19, 31, 40, 13, 14, 23,  8, 35, 13, 25,  6, 41,  9,  7, 12,
    13, 19, 31, 28, 38,  3, 28, 15, 37,  4, 18, 38, 28, 11, 17, 13, 38, 30, 40, 21, 21,  9, 13, 28, 20, 26, 39, 33, 23, 36, 32, 40, 24, 30,
     9, 23, 14, 31, 30, 13, 41, 30, 14, 41, 16,  5, 36, 32, 20,  8, 37, 21, 25, 22, 27, 40,  5, 25,  3, 40, 25, 28, 31, 20, 33, 18, 26, 14,
     4, 32, 34, 19, 19, 40, 24, 25, 21, 37, 25, 40, 13, 28, 41, 25,  5, 36, 20,  3, 33,  3,  9, 21,  3, 18, 12, 30, 10,  6, 10,  7, 10, 35,
     7, 31, 11, 34, 26, 34,  9, 36, 10, 13, 10,  3,  7, 37,  4, 41, 31, 15,  3,  7, 14, 18, 15,  5, 15, 37, 34, 18, 34, 14, 20, 30, 27,  6,
    23, 18, 40, 16, 26, 20,  9, 25, 33, 25,  6,  4, 10, 11, 12, 36, 34,  7,  8, 10, 35, 10, 14, 36, 17, 11,  3, 15, 27,  4, 10, 23, 20, 23,
    38, 25, 37, 27, 12, 15, 21, 28, 23,  3, 20,  5,  3, 29, 32, 31,  6,  9, 23, 32, 32, 19, 38, 10, 39, 25,  5, 32,  5, 23, 17, 33, 13, 34,
    21,  7, 30, 13, 36, 41, 21, 16, 19, 41, 11,  3,  4, 35, 17, 21, 14, 25, 21, 22, 38,  6, 29,  3, 19, 11, 35, 41, 23, 40, 16, 22, 30,  4,
     4, 36, 34, 17, 15, 26, 28, 29, 17, 27, 24, 27,  8, 41, 21, 37, 15, 22, 32, 31,  6, 27,  3, 12, 30, 27, 21, 24, 16, 30, 31, 41, 17, 39,
    36, 22, 18, 41, 41, 31, 22, 38, 26, 33, 21, 18, 11, 31, 10, 40, 33, 19, 22, 36, 13, 11, 20, 34, 11,  5, 37, 41, 28, 13, 15, 40, 23, 18,
    25, 14, 24, 20, 33, 16, 27, 38, 31, 22,  5, 28, 41,  4, 30, 10, 33, 30, 32, 32,  7, 20, 12,  5, 20, 19, 21, 37, 15, 41, 23,  5, 41, 20,
    30, 14, 17, 30, 20, 32, 41, 35, 18,  8, 36,  5,  5, 23, 22, 28, 28, 40, 18, 12, 41, 16, 32,  9, 40, 38, 22, 23, 21, 24, 32, 26, 19, 36,
    16, 14, 41, 24, 35, 13, 34, 24, 10, 21, 41, 11, 21, 13, 36, 26,  4,  4, 20, 24, 16, 35,  6, 39, 17,  8, 19, 23, 11, 26,  4, 21, 18, 41,
    19, 14, 12, 19, 23, 10, 26,  7, 20, 34, 28, 40, 19, 30, 11, 38, 17, 34, 36,  6, 41, 40, 21, 16, 30,  5, 35, 23,  3, 33,  5, 27,  5,  3,
     4, 30, 17, 39, 27,  4, 28, 30, 21, 28, 37,  8,  9, 26, 19, 20, 14, 40, 17, 41, 26, 18, 15, 36, 25, 33, 38, 31, 18,  6, 23, 12, 24,  4,
    28,  7, 36, 29, 30, 32, 36, 39, 34,  7,  7, 31, 40, 34, 33, 15, 35, 26, 14, 20, 20, 29, 32, 33, 25, 15, 33, 20, 17, 37, 12, 17, 34, 33,
    35, 14, 23, 25, 19,  9, 12, 22, 36, 34, 35, 39, 24, 23, 31, 32, 12, 39, 29, 28, 39, 26,  3, 37, 13, 40, 13, 19, 29, 27,  5,  9, 41, 25,
    10, 41, 25, 23, 32,  3, 16, 17, 40, 29,  6,  3, 12, 20, 32, 39, 30, 20, 17,  8, 19, 34, 11,  6, 22, 38, 25,  6, 15, 17, 12, 21, 32, 34,
    25, 29, 14, 17, 33, 32, 12, 14, 14, 14, 31, 22,  9, 31, 40,  7, 36,  3, 13, 25, 30, 32, 40,  7, 29, 10, 37, 21, 20, 27, 21,  8, 38, 39,
    26, 36, 19, 20, 26, 17, 29, 31,  9, 32, 23, 27, 31, 37, 36, 25, 41, 28, 41, 28,  9, 17, 16, 25, 23, 10,  3, 39, 20, 16, 32, 13,  6,  9,
    41,  5,  5,  4, 31, 33, 36, 26, 16, 23,  3, 15, 13, 24, 32, 33, 29, 33, 19, 16,  9, 20, 34, 17, 19, 14,  5, 16, 32, 18, 17, 41, 21, 36,
     4, 22, 26, 11,  8,  4, 16, 10, 25, 30, 27, 37, 34, 22, 34, 41, 24, 13, 35, 37, 39, 37, 18, 33, 14, 27, 40, 16, 29, 14, 15,  4, 25, 23,
    22, 28, 23, 31, 26, 19, 40, 33, 31, 19, 35, 11, 16, 25, 39, 32, 25, 10, 12,  6, 30, 28,  5, 35, 16, 41, 15,  3, 14, 15, 24, 27,  3, 35,
    20, 20, 28, 29, 17, 13, 21, 30, 28, 37, 12, 28, 40, 24,  3, 36, 31, 32,  6, 19, 33, 13, 22, 16, 34, 37, 10, 35,  9, 26, 11,  4, 10, 11,
    19,  8, 39,  7,  6, 23, 34, 14, 19, 23, 39, 34, 35, 22, 33, 41, 38, 28, 21, 24, 38, 18, 41, 39, 13,  3, 31,  4, 39, 41, 19,  4,  7,  4,
    21, 23,  9, 12, 28, 28, 29, 15,  8, 14,  8, 16, 31, 28,  9, 14,  3, 38, 19, 30, 17, 36, 16, 32, 40,  9, 17, 19, 21, 32,  3, 11, 36, 33,
     9, 20, 40, 26, 27, 38, 30, 29, 10, 12, 15, 21, 16, 39, 40, 22, 30, 20, 22, 33, 28, 26, 29, 34, 27, 30, 23, 12, 23, 23, 35, 26,  9, 24,
    21, 17, 17,  7, 30,  3, 27, 15, 37, 18, 12, 24, 24, 19, 13, 40, 13, 7, 28, 38, 19, 11, 19, 30, 36, 39, 40, 11,  4, 33, 26, 33, 30, 35,
    26, 33, 32, 15, 28, 25, 30, 36, 32, 23, 31, 22,  7, 38],
   [43, 15, 21, 12, 29, 39, 40, 35, 16, 38, 12, 16, 36, 12, 39, 11, 47, 35, 13, 28, 27, 39, 20, 49, 30, 47, 13, 27, 44, 24, 49, 20, 27, 25,
    23, 37, 36, 15, 10, 18, 45, 48, 18, 20, 24, 24, 28, 19, 15, 38, 23, 31, 11, 22, 42, 42, 11, 25, 12, 19, 27, 42, 39, 43, 32, 31, 12, 24,
    35, 24, 21, 47, 25, 43, 48, 14, 40, 35, 21, 21, 48, 34, 28, 34, 46, 12, 22, 13, 47, 36, 32, 37, 20, 36, 30, 49, 13, 21, 43, 32, 31, 41,
    35, 48, 43, 20, 14, 15, 28, 18, 10, 28, 24, 10, 35, 32, 44, 12, 27, 25, 37, 25, 31, 20, 45, 11, 22, 19, 10, 48, 36, 40, 42, 34, 45, 45,
    43, 24, 21, 45, 24, 35, 30, 46, 32, 43, 28, 40, 38, 40, 36, 30, 42, 11, 29, 43, 17, 40, 37, 17, 11, 20, 30, 41, 12, 46, 49, 29, 37, 32,
    46, 36, 29, 11, 26, 38, 41, 30, 31, 49, 39, 36, 33, 21, 14, 38, 11, 26, 12, 40, 48, 18, 48, 16, 30, 20, 37, 43, 22, 16, 29, 20, 45, 30,
    12, 37, 42, 19, 11, 28, 29, 12, 22, 21, 40, 12, 18, 26, 45, 49, 21, 42, 35, 19, 49, 10, 32, 49, 49, 26, 36, 45, 39, 48, 33, 32, 21, 21,
    28, 48, 30, 36, 49, 18, 45, 22, 19, 45, 32, 29, 48, 39, 45, 23, 41, 28, 18, 47, 30, 49, 38, 28, 45, 34, 45, 13, 25, 37, 26, 39, 35, 27,
    45, 23, 26, 40, 22, 15, 18, 26, 31, 13, 43, 18, 13, 24, 42, 37, 31, 25, 14, 11, 16, 37, 20, 45, 21, 20, 19, 34, 41, 40, 41, 40, 13, 48,
    30, 43, 43, 48, 49, 46, 25, 35, 14, 28, 48, 25, 25, 26, 41, 13, 12, 29, 23, 48, 12, 10, 45, 10, 17, 44, 43, 37, 35, 17, 25, 19, 48, 14,
    16, 31, 34, 22, 35, 13, 29, 32, 45, 24, 14, 17, 31, 21, 31, 44, 13, 25, 11, 36, 41, 49, 38, 46, 21, 12, 43, 41, 45, 26, 24, 29, 45, 44,
    14, 40, 47, 19, 39, 24, 31, 18, 14, 12, 35, 27, 13, 20, 23, 20, 22, 34, 20, 28, 31, 34, 46, 15, 14, 40, 35, 33, 46, 32, 18, 13, 41, 17,
    44, 37, 39, 11, 39, 19, 17, 32, 19, 35, 41, 30, 41, 47, 17, 24, 38, 18, 14, 34, 24, 30, 15, 30, 44, 16, 13, 32, 42, 18, 41, 37, 24, 22,
    26, 47, 49, 41, 27, 19, 28, 43, 41, 10, 16, 39, 29, 43, 21, 43, 36, 31, 25, 21, 20, 14, 47, 13, 37, 13, 26, 41, 22, 10, 14, 32, 36, 18,
    41, 18, 45, 34, 32, 41, 27, 34, 40, 24, 11, 45, 32, 25, 17, 39, 44, 18, 36, 32, 14, 39, 35, 35, 34, 15, 15, 44, 28, 25, 40, 36, 19, 42,
    19, 11, 33, 36, 13, 38, 11, 19, 24, 28, 43, 26, 12, 14, 44, 30, 45, 19, 14, 12, 30, 24, 37, 43, 25, 48, 35, 28, 13, 17, 33, 19, 28, 32,
    14, 13, 38, 22, 34, 22, 41, 14, 31, 43, 45, 18, 21, 42, 37, 10, 35, 36, 13, 28, 22, 45, 19, 35, 17, 42, 16, 29, 31, 46, 14, 40, 41, 42,
    18, 24, 10, 21, 32, 34, 12, 35, 44, 42, 10, 10, 16, 16, 27, 32, 10, 11, 12, 35, 22, 20, 32, 36, 39, 48, 32, 21, 37, 41, 33, 44, 24, 13,
    48, 13, 24, 31, 11, 42, 36, 42, 39, 17, 11, 27, 30, 35, 44, 20, 30, 23, 42, 31, 35, 39, 30, 26, 16, 18, 46, 19, 47, 30, 47, 16, 25, 20,
    34, 14, 29, 33, 42, 38, 22, 29, 15, 15, 42, 24, 29, 38, 21, 13, 15, 24, 15, 46, 44, 11, 43, 35, 31, 34, 32, 40, 20, 27, 29, 44, 23, 29,
    24, 23, 44, 12, 37, 23, 25, 44, 28, 18, 17, 27, 35, 36, 25, 43, 18, 28, 44, 11, 38, 30, 39, 48, 33, 35, 44, 34, 26, 47, 28, 38, 20, 19,
    31, 23, 34, 18, 13, 17, 49, 45, 20, 10, 19, 32, 39, 40, 28, 46, 17, 26, 47, 30, 36, 37, 47, 45, 24, 47, 20, 15, 38, 29, 46, 12, 29, 11,
    21, 24, 45, 49, 42, 40, 15, 23, 33, 44, 41, 25, 44, 14, 32, 11, 23, 43, 30, 14, 19, 16, 49, 44, 40, 34, 33, 32, 12, 14, 37, 13, 30, 26,
    14, 18, 10, 13, 21, 17, 17, 18, 20, 40, 46, 40, 26, 35, 44, 36, 46, 42, 30, 18, 18, 39, 32, 16, 14, 20, 24, 37, 20, 33, 36, 43, 49, 41,
    48, 17, 32, 36, 40, 47, 34, 27, 48, 22, 22, 24, 31, 34, 18, 16, 27, 23, 20, 16, 32, 37, 20, 20, 12, 49, 40, 21, 46, 24, 17, 13, 29, 14,
    21, 17, 38, 30, 26, 41, 15, 38, 10, 25, 49, 12, 27, 20, 25, 44, 26, 18, 40, 43, 39, 11, 34, 29, 13, 38, 34, 38, 36, 42, 49, 12, 15, 31,
    21, 15, 35, 15, 49, 30, 29, 26, 19, 43, 11, 12, 49, 28, 17, 37, 48, 43, 40, 37, 15, 29, 19, 16, 28, 10, 47, 45, 36, 38, 17, 43, 30, 41,
    17, 19, 23, 37, 34, 35, 19, 43, 18, 31, 48, 25, 20, 16, 42, 22, 18, 41, 32, 10, 15, 15, 42, 28, 11, 34, 15, 17, 46, 47, 31, 25, 43, 19,
    40, 31, 27, 49, 29, 32, 47, 11, 28, 40, 41, 48, 18, 40, 13, 29, 12, 13, 47, 24, 31, 24, 46, 45, 20, 48, 45, 48, 31, 34, 25, 49, 38, 21,
    22, 15, 30, 43, 41, 45, 47, 44, 27, 40, 26, 33, 47, 23],
   [15, 14, 14, 32, 10, 52,  3, 27, 24, 47, 39,  3, 48, 20, 43, 30, 44,  5, 34, 13, 42, 20, 42,  4, 19, 46, 38, 55, 21, 54, 40, 42, 16, 33,
    10, 41, 54, 47, 39, 47, 10, 15, 42, 44, 34, 50, 23, 17, 10, 26, 36, 11, 27, 41, 43, 51, 46, 34, 31, 42, 37,  3,  8, 31, 27, 43, 49, 31,
    21,  7, 24, 31, 49, 44,  7, 14, 33, 38, 55, 36, 15, 13,  9, 44,  4, 30, 45, 36, 42, 22,  5, 22, 25, 44, 17, 48,  9, 10, 27, 49, 55, 39,
    40, 41, 48, 55,  9, 21, 50, 14, 31, 14, 39, 39, 48, 12, 38, 33, 37, 19, 27, 13, 21, 44, 50, 46, 11, 33, 53, 17,  4, 11, 20, 46,  8, 36,
    33, 49, 45,  3, 28, 24, 48, 17, 15, 28, 42, 18, 55, 52, 10, 48, 27, 39, 43, 20, 45, 15, 11, 51, 15, 18, 48,  4, 46, 16, 33, 44,  7, 52,
    30, 47, 26, 51, 43, 18, 18, 35, 12, 16, 32, 34, 25, 22, 18, 27, 39,  3,  3, 55,  9, 23, 10, 48, 15, 13, 42, 10, 35,  6, 30,  5, 38,  7,
    13, 45,  8, 16, 35, 30, 52, 55, 13, 31, 35, 43,  9, 29, 41, 45, 19, 31, 17, 19, 29,  8, 31, 39, 22, 29, 47, 22, 32, 21,  6, 43,  3, 52,
    48, 52, 17, 18,  9, 11, 27, 25,  9,  7, 54, 42, 25, 26, 51, 28,  9, 35, 46, 42,  7,  3,  6,  9, 17, 35, 17, 54, 29, 30, 55, 46, 28, 37,
    35,  5, 32, 42, 49, 45, 44, 52, 12, 43, 45, 14, 34, 25, 22, 38, 36, 53,  6, 39,  8, 34, 53, 12,  6, 32, 36, 46, 21, 29, 43, 21, 34, 14,
    43, 36, 12, 49, 20, 49, 35, 34, 53, 38, 42, 11, 41, 12, 13, 40, 11,  6, 25, 40, 28,  3, 34,  3, 15, 36, 35, 31, 15,  8, 16, 37, 20, 27,
     4, 25, 54,  8,  8, 47, 34, 45, 49, 15, 52, 38, 36, 22, 11, 23, 49, 35,  3,  5, 32, 39, 21, 37, 46, 45, 14,  8, 50, 43, 31, 33, 55, 20,
    33, 35, 30, 23, 42, 37, 37, 24, 10, 55, 48, 47, 52, 39, 41, 54, 16, 40,  5, 39, 33, 54, 30, 35, 24, 44,  8, 15, 45, 24, 47, 40, 45, 17,
    19, 39, 23, 38, 10,  5, 31, 54, 16, 14, 33, 15, 33, 34, 42,  7, 28, 46,  6,  8, 30, 10, 17, 24, 14, 46,  3, 35, 27,  3, 18, 46, 42, 41,
    40, 14, 11,  6, 33, 53,  7, 43,  3, 11, 42, 21, 19, 38, 53, 54, 51, 14, 21, 17, 49, 26,  4,  5, 33, 38, 53, 43, 36,  9, 17, 16, 55, 44,
    51, 51, 11, 51, 26, 10, 17, 49, 47,  5, 34, 34, 40, 28,  7, 12, 37, 16, 24, 40, 27, 37, 47, 11, 40, 48, 43, 45, 12, 38, 23, 19, 37, 51,
    22, 14, 14,  6, 26, 53, 29, 11,  4, 22, 14, 55, 26, 38, 41,  8, 34, 11, 22, 17,  6,  3, 33, 15, 26, 49, 40,  6, 35, 48, 12, 17, 51,  9,
    43, 37, 36, 16, 48, 11, 55,  4, 10, 53, 11, 10, 38, 20, 42, 13, 21, 16, 41, 11, 14, 12, 53, 10, 20, 35, 21,  4, 47, 21, 16, 10, 29, 54,
    40, 16, 52, 21, 24, 39, 17, 52,  9, 37, 38, 41, 15, 16, 16, 21, 43, 44, 17, 31, 36, 31, 29, 14, 29, 34, 45, 29, 21, 45, 17, 37, 23, 20,
    51, 27, 50, 14, 13, 10, 53, 37, 33, 28, 13, 49, 24, 11, 21, 11, 54, 41, 22, 55, 14, 33, 24, 15, 22, 10,  5, 27, 29,  8, 24, 21, 21, 18,
    52, 15, 27, 53, 11, 16, 27, 36, 11, 41, 25, 51,  7, 17, 40, 13, 11,  6, 43, 39,  6, 48, 28, 51, 37,  8, 45, 24, 26, 13, 36, 30, 51, 48,
    20, 35, 14, 17, 33, 39,  8, 23,  7, 50, 11, 41, 48, 30, 30,  7,  7, 46, 40, 35, 28, 31,  9, 19, 48, 31, 48, 54, 21, 20, 43, 25, 16, 30,
    10, 38, 48, 49, 14, 26, 22, 25, 43, 36, 39, 52, 30, 53, 54, 11, 46, 30, 51, 31,  4, 44, 41, 41, 39, 36, 54, 37, 18, 39, 22, 15, 38, 20,
    41, 36, 48, 10,  7, 18, 21, 29, 14, 45, 14, 49, 48, 50, 39,  5, 37, 29, 43, 35, 42, 17, 35, 38, 30, 44, 20, 10, 20, 53, 50, 19, 35, 39,
    55, 26, 15, 33, 39, 40,  7, 43, 11, 47, 19, 18, 50,  5, 47, 17, 34, 32,  4, 53, 14,  5, 33, 12, 49,  6, 45,  8, 26, 11, 23, 22, 49, 23,
    40, 29, 27, 16, 30, 55, 24, 12, 32, 41, 31, 52, 45, 31, 40,  5, 48, 11,  4, 40, 31, 54, 54, 15, 17, 39, 54, 26, 30, 49, 45, 20, 26, 31,
    35, 28,  7, 45, 17, 38, 54, 24, 30, 43, 55, 13, 26, 23, 42, 21, 50,  8, 16, 23, 24, 53,  5,  7, 50, 51, 48, 38, 42, 53, 22,  4, 29, 10,
    28, 44, 30, 11, 16, 26,  9, 14,  4, 10, 10, 49, 35, 55, 22, 19,  9, 20, 32, 55,  4, 26, 22, 54,  6, 14, 20, 45, 30, 52, 23,  3, 16, 43,
    47, 24, 27,  6, 35, 17, 22, 12, 21, 49,  3, 19, 43,  7, 48,  4, 37, 29, 45,  6, 51, 54,  5, 37, 28, 33, 13, 27, 48, 11, 47, 18, 33, 24,
    50, 41, 34,  5, 33,  4, 50, 23,  4, 22, 55, 54, 24,  4, 26, 33, 11, 18, 39, 16, 34, 25,  6, 19,  4, 25, 33, 24, 52, 46, 54, 21, 32, 46,
    17, 31, 54, 17,  5, 40, 15, 48, 26, 27, 18, 25, 18, 32],
   [32, 30,  8,  9, 15,  9, 39, 24, 38, 26,  6, 23, 16, 21, 27, 34, 32, 18,  8,  9, 35, 16, 31, 25, 31,  9, 34, 30, 34, 16, 13, 28, 12, 12,
    13,  6, 28, 20, 11, 29,  7, 23, 14, 25, 21, 14, 19, 25, 15, 12, 26, 17, 29, 26, 36, 27, 27, 28, 24, 23,  8, 16, 21, 21, 32,  5, 37,  6,
    11, 28, 23, 31, 18, 18, 22, 35, 34, 27, 33, 23, 15, 29, 22,  8, 11, 14, 24, 26, 21, 29, 38, 33, 12, 13, 22,  5, 36, 31,  5, 38, 29,  7,
    18, 14, 32, 27, 33, 25, 23, 21, 10,  8, 26, 23, 35, 16,  5,  6, 15, 35, 23, 37, 23, 19, 25,  8,  6,  7, 38, 27, 36,  6, 19, 32, 15, 37,
    18, 40, 29, 26, 17, 33,  9, 31, 38, 18, 27, 28, 33, 20,  7, 34, 21, 17, 31, 22, 15, 20, 14, 26,  9, 23, 19, 37, 37, 30, 29, 29, 17, 21,
    17, 16, 33,  8, 35,  5, 27,  9,  9, 26, 12, 25, 33,  9,  6, 27, 29, 37, 17,  7, 39, 38, 37, 24, 30, 10, 12, 18, 19, 17, 18,  7, 23,  6,
    28,  9, 21, 13,  9, 39, 22, 37, 36, 24, 17, 38,  5, 15,  5, 32,  7, 20,  6, 30, 14,  8, 17, 14, 20, 16, 12, 22, 28, 34, 24, 29,  8, 11,
    37, 39, 12,  9, 14, 33, 23, 23, 31, 15, 29,  6, 12, 13, 17, 29, 25,  5,  5, 34, 33,  8, 16, 40, 40, 39, 24, 27, 16, 25, 10, 20, 10, 18,
    29, 28,  5, 33, 15, 37, 34, 18, 40, 37,  6, 15,  5, 10, 30, 28, 19, 10, 31, 38,  9,  7,  6, 13, 32, 19, 17, 20, 10, 17, 23, 36, 20, 35,
    25, 10, 30, 30, 19, 28, 28, 14, 36, 25, 39, 13, 26, 26, 18, 18, 17,  9, 30, 27, 36, 34, 24, 30, 23, 20, 25, 26, 19,  9, 39, 20, 23, 27,
    10, 22, 31, 11, 17, 40, 28, 32, 11, 13, 11, 14, 34, 14, 11, 27,  5,  8, 23, 28, 15, 38,  7, 31, 10, 23, 13, 16, 37, 19,  5, 17, 35, 14,
     7, 28, 35, 26, 37, 27, 26, 13, 29, 22, 12, 22,  8, 28, 20, 32, 40, 18, 29, 18, 34, 12, 20, 15, 27, 11, 18, 31, 27,  9, 13, 17, 38, 29,
    25, 23, 31, 19, 36, 23, 37, 33, 34, 18, 28, 19,  6, 30, 30, 15, 28, 28, 16, 22, 31, 32, 31, 19,  5, 14, 19, 34, 15, 14, 11, 11, 24, 14,
    13, 11, 18, 15, 12, 40, 14, 37, 25, 31, 34, 35, 14, 30, 37, 37,  8,  9, 33, 14, 10, 40, 32, 24, 25, 15, 13, 13, 10, 39, 15, 26, 29, 17,
    16, 15,  7,  5, 21, 36,  5, 25, 32, 21, 14, 26, 37, 28, 14,  8, 28, 24, 10, 20, 31, 36, 18, 28, 18, 40, 15, 13, 17, 19, 29, 39, 30, 16,
     9, 10, 20, 12, 20, 35, 18, 38, 37, 29, 12,  7, 19, 14,  7, 18, 12, 27, 15, 38, 20, 18, 25, 27, 24, 31,  8, 19, 19,  5, 19, 33,  9, 30,
    11,  9, 40, 24, 40, 36, 37,  5, 31, 20, 11, 40, 20, 11, 13, 17, 27, 26, 37, 19, 23, 34, 23, 11, 40, 26, 11, 19, 23, 35,  6, 32,  8, 31,
    28, 31, 18, 38, 22, 11, 32, 23, 22, 39, 14, 20,  8, 34, 11, 23, 30,  7, 36, 25, 37, 38,  6, 11, 32, 25, 18, 29,  6, 34, 15, 25,  8, 20,
    25, 14, 26, 22, 26,  9, 11, 27, 17, 22, 10, 12, 28, 27, 31, 24, 34, 12, 35,  9, 33, 33, 18, 40, 15,  8, 25, 10, 40, 10, 40,  9, 16, 18,
    12, 12, 30, 11, 15, 22, 27, 27, 17, 31, 14, 35,  9,  5, 39, 12, 10, 32, 29, 25, 21,  8, 17, 15, 23, 24, 20, 24,  6, 18, 18, 24, 38, 30,
     9, 40, 35, 19,  5, 38, 24, 22, 20, 10, 26, 38, 28,  5, 39, 19, 30, 10,  6, 11, 18, 22,  6, 32, 14, 26, 26, 10,  5, 22, 14, 13, 22, 22,
    29, 31,  5, 23, 36, 23, 33, 17, 37, 28,  7,  8, 32, 29, 13, 26, 15, 18,  7, 31, 29, 12, 26, 36, 32,  5, 27, 36, 29,  8, 34, 11,  7,  5,
     9, 28, 28, 20, 31, 25, 29, 24,  7, 17, 11,  7, 32, 24,  8, 33, 25,  8, 31, 16, 25,  7, 12, 39, 37, 36, 13, 25, 29, 24,  7, 10, 30, 24,
    19, 15, 15, 27, 12,  8, 31, 24, 34, 10, 35, 14, 25, 40, 25, 40,  5, 34, 32, 25, 31,  5, 15, 25, 39, 38, 28, 10, 10, 38, 12,  8, 13, 10,
    39, 22, 13, 20, 22, 30, 40, 27, 28, 32, 27, 36, 13, 11,  6,  9, 14, 24, 28, 18, 15, 29,  6, 27, 13, 33, 22, 17, 26, 19, 10,  8,  8, 18,
    34,  7, 19, 33, 32, 23, 11, 19,  8, 33, 39, 37,  5, 28, 36, 23, 14, 31,  5, 30, 16, 33, 38, 19, 18, 32,  7, 24, 31, 16, 11,  7, 28, 30,
    34, 38, 26, 38, 21, 22, 29, 38, 21, 17, 17, 33, 27, 38, 14,  6, 39, 17, 17, 13, 40, 22,  7, 27,  6, 30, 33, 17, 37,  7, 10, 14, 11, 14,
    27,  5, 30,  8, 19,  5, 40, 29, 38, 10, 30, 17,  6, 11, 28, 34, 40, 23, 35, 16, 32, 14, 26, 22, 11, 35, 15, 25, 18, 31, 37, 34, 27, 27,
     9, 29, 23, 39, 28, 14, 37, 30, 25, 14, 27, 14, 30, 13, 28, 21, 28, 18, 23, 29, 31, 24, 30, 17, 10,  6, 24, 11, 40, 13, 32, 13,  6,  5,
    10, 16, 13, 35, 18, 26, 12, 12,  6, 19, 32, 40, 28, 18],
   [57, 20, 13, 21, 38, 13,  8, 10, 27, 22, 17, 48, 56, 53,  6, 29, 56, 50, 36, 52, 27, 18, 19, 23,  4, 14, 26, 30, 25, 39, 36, 49, 12, 24,
    14, 21, 16, 45, 11, 10, 29,  6, 24, 58,  8, 36, 19, 34, 22, 11, 23, 21, 13, 29,  4, 55, 56, 29, 53, 53, 21, 44, 22, 51,  9, 11, 17, 44,
    43, 52,  4, 10, 40,  5,  4, 42,  7,  7, 44,  9, 32, 46,  5, 32, 32, 45, 47, 23,  9,  6, 17, 48,  7, 27, 40, 24, 16, 39, 41, 45, 52, 46,
    19, 41, 27, 24, 56, 11, 46,  6, 43, 49, 31, 14, 11, 54, 11, 47,  9, 55,  8, 48, 10, 46, 44, 36, 36, 50,  6, 45, 30, 29,  4,  9, 43, 38,
    55, 38, 53, 38, 38,  7,  7, 16,  5, 42, 11, 31, 31, 57, 40, 57, 34, 30, 41, 25, 38, 52, 33, 55, 29,  4, 24,  4, 51, 19, 57, 29,  7, 32,
    35, 52, 31, 37,  7, 51, 25, 27, 29, 34, 52, 38, 26, 52, 51, 50, 45, 25, 50, 31, 22, 36, 35, 12, 37, 26, 13, 40, 37, 19, 15, 23, 38, 47,
    30, 39, 21,  5, 58, 31, 35, 39, 10, 53, 48, 57, 34, 12, 43, 38, 43, 49,  7, 24, 25, 25, 43, 10, 41, 25, 48, 29, 53, 55, 48, 39, 50, 42,
    49, 43,  4, 49, 40,  6, 10, 10, 33, 35, 30, 17, 24,  7, 18, 16, 47, 30, 45, 31,  5, 15, 57, 36, 38, 13, 37,  4, 46,  5, 40, 48, 30, 10,
    42, 36,  6, 18, 17, 50, 58, 51, 54, 26, 26, 10, 12, 12, 14, 48, 39, 40, 23, 14, 56, 54, 16, 47, 16,  6,  4, 46, 34, 17, 52, 58, 27, 33,
    49, 44, 41, 19, 33, 38, 48, 42,  5, 58, 17, 46, 14, 34, 40, 54, 53, 12, 28, 24, 19, 38, 27, 21, 21, 31, 11, 40, 53,  6,  9, 25, 36, 23,
    47, 32, 57, 37, 26, 19, 10, 28, 50, 56,  8, 54, 44, 38,  7, 38, 41, 26, 30, 55, 14, 17, 49, 34, 10,  7, 15, 45, 32, 51, 51, 25, 41, 25,
    24, 32,  8, 54, 34, 30, 51, 30, 13, 32, 22,  8, 10, 43, 17, 33, 22, 36,  6, 54,  9, 38, 43, 30, 39, 49, 58, 18, 43, 46, 11, 48, 45, 16,
     9, 12, 11, 19, 49, 30, 13, 18, 51, 52, 41, 15, 13, 48,  9, 47, 39, 19, 30, 46, 16, 19, 35, 21, 32, 57, 32, 30, 46, 38, 11, 22,  8, 56,
    31, 23, 33, 11, 53,  6, 33, 40, 23, 56, 16, 10,  7, 10, 28, 31, 41, 51, 50, 30, 44, 11, 20, 53, 51,  7, 13, 17, 33, 31, 27, 53, 35, 22,
    46,  6,  4, 29, 38, 32, 36, 55, 11, 12, 34, 36, 31, 41, 35, 30, 14, 23, 45, 38, 49, 26, 24, 28, 52,  7, 40, 49, 13, 51, 47, 47, 22, 37,
    13, 26, 20, 16, 47, 13, 40,  9, 21, 56, 38, 39, 33, 23, 16, 32, 27, 36, 16, 44, 23, 40, 46, 14, 19,  9, 49,  9, 41, 54, 12, 25, 22, 47,
    47, 34, 53, 37, 13, 54, 25, 45, 18, 24,  8, 35, 41, 57, 10, 23, 39, 29, 12, 12, 19, 26, 29, 46, 33, 46, 20, 53, 25, 19,  9,  4, 35, 22,
    28, 33, 14, 13, 50, 11, 55, 54, 37, 44, 43, 13, 40, 51, 23, 54, 30, 34, 34, 58, 21, 14, 48, 23, 51, 21, 34, 15, 11, 33, 29, 53, 38,  8,
    35, 12, 50, 24, 36, 36, 14, 50, 30, 37, 41, 26, 26, 21, 14, 49, 42, 27, 28, 56, 36, 18, 13, 30, 41, 13, 21, 30, 17, 27, 23, 51, 14, 26,
    52,  5, 52, 49, 31, 39,  8, 54, 48, 27, 46, 41, 19, 54, 42, 11,  6, 42,  6, 23, 57, 30,  7,  8, 24, 31,  4, 28, 33, 57, 43, 44, 48, 20,
    17, 37, 38, 14, 12, 20, 56, 43, 41, 23, 38, 56, 57, 23, 10, 32,  8, 17, 40, 24, 34,  5, 46, 13, 20, 48, 57,  9, 26, 31, 44, 50, 18, 53,
     8, 29, 43, 38, 18,  8, 47, 28, 45, 40, 47, 18, 21, 36, 40,  7, 46, 49, 35, 25, 18, 52, 21, 57, 29, 27,  4, 21, 16,  5, 50,  6, 32, 34,
    10, 48,  4, 50, 34, 28, 35, 34, 40, 30, 26, 53, 10, 51,  9,  9, 47, 56, 39,  6, 40, 40, 32, 21, 34,  7, 39, 15, 46, 46, 35, 43, 56, 41,
    58,  4, 18, 52, 58, 53, 50, 43, 54, 26,  6, 35, 42, 13, 42, 32, 20, 20, 33, 32, 10,  6, 39, 53, 40, 53,  8, 51, 23, 22, 11, 37, 22, 41,
    27, 49, 56, 50, 15, 48, 12,  4,  5, 43, 18, 27, 33, 36, 19, 37, 11, 11, 39, 41, 54, 17, 25, 23, 35, 52, 53,  6, 43, 42, 12, 18, 45,  8,
    47, 22, 44, 23, 33, 10, 25, 19, 42, 18, 54, 49, 34, 18, 58, 14, 41, 55, 48, 32,  9,  5, 19, 53, 51, 56, 52, 46,  7, 50, 11,  7, 41,  8,
    21, 28, 44, 20, 11,  7, 13, 47, 53,  8, 30, 33, 56, 49, 24, 56, 27, 28, 38, 48, 53, 47, 58, 42,  4, 30, 22, 41, 14, 43, 44, 33, 29, 47,
    56, 55, 10, 18, 41, 58, 31, 10, 43, 44,  5, 12, 30, 10,  7, 46, 12, 20, 58, 21, 20, 15, 22, 16, 30, 14,  4, 18,  4, 25, 58, 32, 15,  9,
    57, 29, 37, 56, 30, 57,  6, 36, 37, 11, 37, 42, 48,  9,  5, 43, 50,  4, 25, 47, 48,  7, 55, 49, 26, 15, 51, 42, 36, 39, 51, 44, 22, 25,
    51, 15, 36, 19, 37, 54,  4, 39, 36, 12, 49, 44, 51, 14],
   [ 7, 11, 30, 32, 27,  9, 47, 44, 16, 45, 15, 43, 45, 32, 42, 47, 30, 36, 11, 44, 41, 10, 43, 35, 35,  5, 23, 25, 24, 28,  9, 21, 12, 27,
    41, 39, 22, 28, 30, 21, 11,  5, 21, 30, 18, 29, 19, 22, 25, 26, 31, 35, 15, 12, 39, 32,  9,  4, 32, 13, 26, 45, 14, 20, 47,  5, 27, 30,
    25, 11, 20, 43,  9, 34, 18, 39,  4, 18, 15, 13, 30,  8, 41, 13, 20, 43, 43,  6, 19, 18, 23, 30, 26,  8, 21, 12, 42, 30, 41, 47, 40, 11,
    47, 28, 19, 20, 39, 46, 11, 10, 37, 13, 21, 35, 40, 44, 36, 41,  8, 10, 24, 24, 19,  4, 40,  4, 20, 25, 42, 26, 15, 21, 13, 25, 14,  4,
    36, 22, 13, 16,  9, 28, 36, 31, 36, 47, 15, 11, 26, 14, 34, 18,  6, 10, 32,  8, 15, 37, 15,  8, 37, 36, 22, 25, 12, 22, 17, 43, 26,  8,
    32, 37,  4, 32,  7, 17, 27, 34,  8, 22, 18, 13, 32, 40, 28, 10, 33,  4, 42, 42, 18,  8, 41, 21, 23, 46, 12, 11, 44, 39,  6, 25, 32, 26,
    44, 19, 35,  4, 43, 31, 43, 36, 15, 21, 16, 24, 13, 25, 16, 41, 39, 12, 24, 41, 26,  6, 13, 33, 36, 19, 24,  6, 11, 44, 39, 18, 17, 23,
    23,  5,  9,  8, 34, 17, 30, 41, 18, 35, 23, 16,  5,  6, 40, 36, 28, 32, 12, 19, 14, 32, 28, 44, 23, 14, 17, 40,  4, 13, 42, 13,  8, 34,
    43, 27, 20,  7, 13, 33,  7, 45, 17, 15, 40, 46, 47, 24, 34, 14, 42, 25, 40, 32, 33, 39, 10, 45,  6, 41,  5, 42, 13, 18, 46,  6, 21,  5,
    18,  9, 41,  7, 29, 32,  5, 14, 14, 14, 16, 38, 19, 23, 13, 39, 42, 20, 46, 15, 35, 22, 18, 40, 18, 13, 17, 12, 10, 12, 11, 12, 22, 19,
     6, 33, 21, 17,  7, 37, 36, 38, 17, 34,  9, 17, 24, 29, 22,  8,  5,  4, 12, 12, 15, 43, 33, 40,  6, 47, 10,  9, 14, 24, 47, 31, 45, 10,
    12, 44,  7, 15,  7, 25, 24,  9, 25, 24, 41, 45, 25, 27,  4,  5, 29,  9, 45, 29, 34, 34, 25, 36, 19, 29,  8, 47, 23,  7, 21, 44, 29, 10,
    42, 23, 27, 38,  9,  8, 15, 20, 31, 42,  8, 12, 45, 15, 34, 41,  8,  8,  4, 22, 32, 28, 37,  9, 18, 32, 23, 13, 39, 38, 16, 25, 30,  7,
     5, 12, 47, 41, 31, 23, 20, 11, 28, 27, 40, 20, 16, 10, 31, 22, 32, 32,  4, 10, 23, 19, 42, 25, 30, 32, 21,  5, 44, 40, 27, 35, 23, 26,
    20, 43, 33,  8, 15, 29,  4, 21, 13, 46, 14, 20, 36,  8, 11, 37, 14, 32, 39, 39,  4,  5, 37, 30, 18,  8, 11, 45, 29,  4, 29, 28, 20, 23,
    17, 17,  8, 42, 15,  4, 33, 15,  9, 17, 38, 21, 34, 45, 17, 24, 24, 22, 41, 13,  5, 15, 24, 10, 47, 40, 12, 23, 27, 16, 11, 22, 18, 23,
    38, 13,  5, 10, 43, 19, 12, 13, 37, 29,  4, 32,  9, 36,  4,  7, 42, 22, 47, 35, 23, 24, 45, 14, 10,  5, 30, 34, 25, 16, 23, 22, 18, 22,
    17, 44, 15, 43,  5, 29, 28, 31,  5, 30, 26, 35, 30, 42, 39, 14, 15, 46, 16, 25, 41, 37, 23, 42, 36,  4, 38, 39, 47,  9, 18, 11, 11, 38,
    35, 28, 41, 20, 12, 19, 22, 23, 37, 36, 15,  9,  9, 29,  9, 10,  6, 20, 39, 34, 17, 46, 34, 17, 18, 31,  6, 34, 19, 20, 25, 10, 29, 40,
     7, 10, 28, 34, 13, 42, 47, 15, 38, 22, 24, 34, 29, 34, 42, 22, 22,  9, 33, 33, 19, 14, 44, 19, 43, 35, 47, 42, 38, 21, 14, 25, 27, 44,
    31, 36, 20, 27, 16, 17, 19, 37, 14, 35, 16, 36, 24, 23,  7, 30,  5, 27,  5, 38, 33,  6, 36, 13, 17, 23, 13, 11,  7, 43, 29, 10, 40, 17,
     6, 46, 33, 18, 42, 18, 40, 46, 12, 24, 11,  4, 11, 45, 21, 30,  4, 26,  4,  8, 47, 15, 39, 46, 15,  5, 18, 12, 21, 39,  5,  9, 39, 33,
    21, 40, 37, 17, 23, 25, 45, 31, 19, 28, 36, 16, 10, 11, 11, 38, 28, 39, 11, 24, 27, 46, 32, 32, 42, 15,  9, 14, 39, 28, 24,  6, 13, 39,
    22, 19, 18, 18, 28,  5, 14, 40, 47, 37, 41,  9, 16,  7, 29, 17, 38, 23, 32, 30,  9, 27, 11, 25, 47, 44, 28, 10, 17, 43, 15, 45, 21, 38,
     4, 41, 20,  6, 45, 18, 16, 30, 21, 10, 31, 30, 19,  7,  7, 26,  6,  8, 46, 21, 14, 13, 12, 21, 10, 40, 37, 38, 39, 36, 21, 40,  5, 24,
    27, 15, 28, 24,  5, 32, 28,  7, 31, 28, 10, 45, 29, 44, 12, 30,  8, 21, 27, 16, 20, 16, 45, 42,  7, 39, 30,  7, 16, 47, 28, 43, 18, 36,
    22, 29, 29, 21, 18, 42, 34, 31,  7, 31, 37,  8, 15,  7, 21, 44, 31, 39, 39, 12,  8, 40, 41,  5, 12, 18, 19, 15, 21,  7,  4, 30, 21, 23,
    43, 32,  6, 11, 43, 44, 35, 23, 39, 45, 37, 46, 16, 30, 25, 44, 14, 23, 16,  8,  4, 44, 37, 18, 44, 27, 36, 21, 21, 41, 17, 14, 43, 14,
    12, 17,  4, 16, 22, 35,  7, 46, 13, 19, 37,  7, 41, 30, 46, 37, 32, 22, 34, 37, 13, 31,  9, 22, 35, 23, 11, 11, 35,  6, 14, 15, 35, 21,
    26, 28, 36, 20, 45, 44,  4,  6, 42, 24, 34, 17, 31, 12],
   [36, 22, 34, 25, 37, 40,  8,  6,  8, 43, 37, 43, 33, 45, 39, 21, 24, 34, 45, 22, 17, 29, 43, 19, 38, 21, 31, 45, 42, 11, 32, 11, 32, 12,
    36,  6, 38, 17, 17, 30, 19, 39, 48, 23, 49,  7, 21, 49, 13, 39, 11, 12, 42, 45, 31, 37, 21, 47, 23, 19, 52, 24, 28, 52, 44, 35, 31, 47,
    42, 21, 47, 36, 36, 49, 46, 35, 50, 49, 38, 23, 21, 21, 28, 27, 37, 48, 40, 29, 16, 48, 30, 50, 51, 39, 17, 14, 44, 39, 48, 44, 19, 34,
    24, 42, 20, 39, 30, 16, 43, 26, 10, 29, 22,  7, 47, 25, 30, 30, 35, 44, 33, 27, 32, 29, 47, 34, 40, 25, 47, 33, 33, 14, 29,  9, 29, 11,
    47, 29,  6, 36, 27,  8, 14, 31, 51,  6,  7, 18, 34, 14, 36, 46, 34, 28, 31, 33, 45, 44, 14, 49, 32, 19, 25, 48, 52, 38, 23, 11, 20, 49,
    50,  6, 18, 30, 46, 41, 14, 38, 17, 11, 26, 22, 15, 46, 11, 33, 40,  7, 44, 23, 42, 45, 37, 30, 16, 23, 50, 17, 26, 41,  8, 19, 28,  9,
    23, 33, 49, 20, 44, 52, 19, 32, 27, 52, 33, 31, 19,  8,  7, 32, 49, 39, 21, 48,  6, 43, 24, 12, 30, 38, 47, 50, 32, 12, 37,  8, 45, 14,
     7, 20, 47, 15, 13, 47, 32, 43,  7, 41, 22, 32, 11,  8, 28, 31, 39, 38, 20,  9, 26, 15,  6, 47, 19, 16, 16, 37,  6, 48,  6,  6, 27, 48,
    19, 49,  9, 25, 43, 27, 16, 22, 16, 42,  8, 26,  9, 32, 50, 47, 29, 39, 50, 14, 17, 17, 40,  7, 40, 40,  8, 43, 38, 50,  9, 29, 10, 10,
    42, 13, 51, 24, 31, 30, 31, 17, 46, 13, 28, 42, 48, 36, 33, 15, 27, 52, 35, 48, 49, 25, 26, 50, 37, 51, 10, 42, 20, 27, 14, 10, 22,  9,
    10, 49, 17, 11, 52, 18,  8, 20, 22, 27, 26, 27, 24, 30, 18, 34, 10, 12, 33,  9, 33, 43, 29, 44, 42, 11, 47, 41, 45, 23, 51, 29, 33, 24,
    11, 14, 18, 24, 48, 37, 14, 42, 18, 25, 46, 29, 20, 27, 14, 35, 21, 27, 36, 11, 50, 17,  9, 31, 23, 28, 10, 39, 44, 28, 10, 11, 13,  8,
    40, 31, 45, 15, 52, 12, 47, 42,  8,  6, 21, 19, 29, 45,  8, 40, 39, 47,  6, 27, 48, 48, 31, 17, 30, 40, 39, 26,  9, 52, 34, 29, 36, 42,
    22, 24, 49, 29, 27, 36, 34, 32, 18, 17,  7, 14, 40, 12, 11, 46, 34, 43, 10, 48, 29,  8, 10, 17, 46, 31, 32, 10, 44, 50, 25, 34,  8, 26,
    21, 38, 49, 52, 38, 42,  8, 22, 39, 38, 36, 16, 47, 47, 36, 35, 43, 23, 10, 28, 25, 50, 13, 43, 50, 36, 12, 18, 24, 45, 31, 25, 26, 34,
     6, 27, 47, 39, 43, 43, 11, 51, 25, 50,  9, 40, 21,  9, 30, 33, 20, 51, 31,  7,  6, 40, 45, 41, 32, 42, 50, 47, 16, 28, 10, 13, 45, 27,
     8, 14, 39,  8, 35, 50, 28, 12, 16, 37, 48, 12, 28, 18, 12, 13, 30, 27, 12, 17, 25, 13, 43, 52, 42, 19, 19,  6, 17, 23, 44, 40, 42, 12,
    17, 13, 18, 51, 25, 25,  7, 20, 10, 34, 49, 49, 32, 42, 20, 28, 43, 40, 49, 25, 37, 43, 22, 30, 50, 44, 51, 42, 37, 43, 32, 12, 26, 17,
    52, 35,  9,  9,  6, 45, 18, 26, 43, 26, 46, 14, 16, 32, 23, 12, 30, 34, 32, 35, 34, 29, 13, 32, 11, 13, 17, 38, 37, 27, 38, 28, 39, 38,
    50, 35, 52, 12, 45, 48, 23, 44, 46, 51, 31, 30, 51, 10, 49, 11, 11, 14, 50, 10, 27, 36, 30, 27, 28, 33, 34, 36, 12, 44, 45, 29, 22, 30,
    33, 47, 41, 25, 31, 46, 38, 45, 12,  8, 26, 17, 29, 16,  6, 21, 24, 10, 49, 29, 21, 11,  8,  9, 18, 26, 21, 18, 24, 12, 33, 47, 18, 47,
     6, 14, 14, 36, 44, 19, 43, 22, 26, 12,  8, 18, 52, 46,  7, 50, 20, 15, 13, 27, 40, 42, 11,  9, 19, 30, 15, 37, 51, 48, 24, 13, 38, 28,
    12, 22, 44, 25, 21, 20, 35,  7, 35, 18, 43, 19, 18,  8, 32, 16, 12, 48, 45, 17, 16, 27, 17,  7, 27, 38, 52, 14, 29, 51, 19, 46, 50, 13,
    34, 26,  8, 23, 51, 28, 12,  6, 20, 19, 50, 18, 41, 11, 14, 42, 15, 24, 35, 12,  8, 50, 29,  6, 30,  7, 32, 16, 24, 13, 19, 45, 24, 42,
    36, 45, 22, 23,  8, 41,  7, 28,  7, 16, 15, 38, 28,  7, 32, 40,  7, 52,  6,  6, 19, 45, 48, 44, 33, 31, 39,  9, 49, 45, 17, 17, 47, 15,
    38, 43, 44, 47, 46, 38,  8, 33, 43, 30, 13, 52, 13,  8, 13, 44, 47, 33, 48, 43, 16, 14, 52, 45,  6, 38, 49, 20, 29, 24, 35, 14, 15, 52,
    51,  7, 47, 15, 30, 16, 17, 14, 39, 16, 16, 51,  6, 52, 36, 37, 23, 28, 33, 27, 37, 12, 26, 50,  6, 46, 46, 38, 25, 32, 32, 12, 20, 46,
    37, 27, 46,  9, 35, 38, 22, 22, 29, 29, 33, 44, 30, 40, 40, 40, 40, 17,  7, 46, 18, 11, 22, 49, 36, 30, 23,  7, 32, 42, 11, 29, 31, 25,
    49, 19, 40, 38, 21, 22, 16, 52, 25, 13,  8, 43, 11, 49, 28, 34, 10, 34, 20, 11, 14, 51, 26, 25, 16, 22,  9, 48, 12, 10, 32, 18, 27, 22,
    41, 32, 16, 27, 21, 12, 38, 42, 44, 34, 37, 44, 49, 11],
   [52,  7, 20, 40, 22, 20, 18, 45, 38, 11, 14, 41, 17, 25, 39, 51, 49, 27, 23,  9, 21, 49, 33, 27, 21,  6, 31, 11, 31, 50, 24, 41, 21, 36,
    16, 25,  8, 24, 30, 43, 50, 43, 47, 18, 19, 11, 44, 14, 39, 11, 46, 27,  6, 29, 12, 23,  8,  6, 29, 52, 18, 14, 51, 13, 21,  7, 42, 46,
    47, 51, 45, 27,  9, 45, 28, 16, 18,  6, 51, 19, 12, 51, 32, 47, 24,  8, 47, 18, 24, 17, 24, 12, 37, 20, 33, 52, 27, 12, 17, 44, 52, 39,
    49, 27, 18, 40, 50, 26, 48, 29, 29,  6, 49, 11, 38, 46, 20, 19, 16, 27, 49, 35, 44,  6, 34, 37, 15, 20, 15, 16, 50, 36, 50, 13, 25, 50,
    40, 44, 14, 17, 24,  9, 40, 12, 41, 39, 47, 51, 13, 21, 33, 29, 32, 17, 22, 28, 10, 35, 42, 12, 33, 42,  7, 46, 27, 46, 33, 43, 17, 27,
    17, 22,  6, 40, 36,  7, 49, 13, 29, 43, 36, 35, 34, 25, 37, 20, 48, 10, 44, 47, 12, 34, 29, 41, 39, 43, 31, 26, 35,  7, 15, 34, 27, 45,
    41, 17, 27, 19, 23, 39, 37, 27, 42, 25, 26, 15, 45, 48, 33, 52, 26, 42, 50, 26, 35, 42, 18,  6, 44, 34, 15, 10, 14,  8, 43, 26, 18, 31,
    16, 31, 44, 19, 34, 17, 49, 18, 51, 50, 11, 40, 37, 46, 40, 32, 29, 17,  6, 19, 41,  6, 27, 48, 44,  6, 43, 44, 10, 47, 36, 47, 13, 15,
    26, 17, 42, 21, 34, 34, 39,  6, 34, 52, 42, 47, 51, 30, 50, 41, 10,  6, 19, 34, 43, 23, 28, 38, 24, 40, 11, 51, 23, 45,  6, 43, 40, 51,
    36, 52, 10, 23, 18, 52, 29, 23, 38, 48, 16, 41, 38, 49, 21, 23, 50, 11, 25, 19, 12, 22, 26, 15, 40,  8,  6, 39, 28, 52, 44,  8, 17, 27,
    13, 14, 16, 35, 41, 17, 38, 47, 38, 33, 49, 14, 33, 34, 30, 42,  7, 51, 50, 47, 38, 35, 25, 25, 13, 39, 30,  8, 32, 33, 33, 10, 34, 44,
    18, 29, 27, 14, 12, 51, 41, 28, 15, 43, 13,  8, 45,  8, 44, 50, 44, 12, 40, 47, 37, 12, 10, 25, 24, 10, 31, 10, 22, 35, 52, 40, 39, 23,
    20, 14, 25, 47, 43,  9, 28, 36, 31, 37, 50, 46, 44,  9, 25, 18, 45, 14,  9, 17, 30, 18, 33, 37, 20, 21, 15, 35, 29, 12, 38, 10, 26, 30,
    37, 19,  8, 14, 36, 39, 13, 35, 24, 27, 38, 18, 36, 46, 32,  7, 43,  7, 28, 52, 46, 15, 32, 27, 48, 44, 14, 45, 15, 24, 21,  7, 11, 34,
    30, 48, 15, 41, 39, 24, 39, 34, 20, 34, 48, 19, 36, 41, 16,  6, 11, 22, 27, 44, 17, 12, 27, 47, 29, 27, 22, 34, 40, 40, 46, 34, 27, 19,
    45, 39, 49, 15, 34, 44, 33, 11, 17, 23, 18,  6, 50, 39, 15, 26, 28, 14, 50, 44, 20, 37, 27, 39, 16, 49, 26, 43, 21, 39, 40, 36, 11,  9,
    18, 51,  7, 49, 48,  6, 39, 33, 37, 23, 31, 23, 14, 33, 33, 22, 39, 16, 15, 24, 46, 13, 10,  9, 19, 11, 32, 17, 27, 10,  7, 12, 14, 43,
    33, 43, 26, 44, 29, 45, 32, 34, 37, 32, 46,  9, 27, 18, 27,  6, 33, 52, 43, 22, 15,  8, 14, 27, 49, 14, 26, 46, 50, 40, 24,  7, 46,  6,
     9, 18, 38, 28, 10, 32,  9, 43, 27, 24, 44, 49,  9, 18, 22, 17, 23, 32, 12, 46, 44, 48, 30, 49, 26,  8, 16, 39, 47, 36, 21, 37, 41,  7,
    52, 18, 22, 35, 48, 38, 29, 48, 25, 37, 43, 10,  7, 34, 23, 36, 14, 52, 18, 35, 11, 28, 24, 43, 13,  7, 20, 12, 28, 31, 35, 17, 30, 19,
    19,  9,  7, 28, 10, 41, 26, 26, 29, 15, 35, 32, 14, 30, 16, 23, 47,  7, 37, 50, 48, 20, 18, 50, 51, 49, 36, 23,  9, 44, 16, 43, 22, 51,
    37, 46, 15, 32, 36, 30, 20,  8, 33, 45, 32, 15, 36, 48, 36, 35, 28, 11, 51, 19, 15, 21, 34, 42, 44, 38, 17, 33,  7, 52, 52, 41, 45, 23,
    42, 27, 25, 31, 35, 14, 29, 41, 33, 19, 26, 35, 31, 46, 44, 12, 24, 34, 44, 50, 44, 52, 13, 15, 40, 11, 34, 15, 27, 49,  8,  9, 42, 46,
    17, 44, 36, 10, 41, 29, 29, 39, 35, 52, 27,  8, 49, 45, 28, 34,  8, 42, 21, 14, 20, 31, 35, 33, 47, 49, 45, 23, 12, 35, 50, 13, 27, 21,
    39, 16, 14, 23, 30, 25, 46, 17, 43, 15, 40, 23, 23, 52, 24, 16, 49, 26, 19, 21,  9, 32, 25, 38, 28, 32, 32, 52, 34, 50, 25, 46,  7, 41,
    27,  8,  6, 43, 49, 12, 39,  9, 15, 26, 45, 28, 39, 51, 50, 16, 25, 25, 49, 52, 34, 52, 31, 25, 28, 17, 37, 42, 15, 41, 10,  6, 51, 35,
    33, 16, 10, 33, 48, 43, 17, 21, 52, 39, 44, 23, 42,  6, 48, 46, 27, 34,  9, 39, 10, 51, 39, 30,  9, 41, 13, 44, 24, 14, 46, 30, 20, 21,
    33, 13, 12, 12, 36, 17, 38, 12, 24, 30, 29, 24, 14, 30, 13, 41, 19,  7, 21, 26, 26, 25, 48, 24, 42, 51, 33, 31,  8, 52,  7, 13, 28, 37,
    48, 22, 47, 50,  9, 33, 14, 33, 21, 35, 19, 29, 17, 19, 18, 36, 41, 49, 27, 29, 31, 38, 18, 12, 47, 36, 38, 13, 18, 11, 24, 25, 49, 36,
    31, 46, 18, 52, 38, 49, 33, 32, 30, 11, 19, 40, 41, 20],
   [38, 44, 35, 37, 25, 48, 42, 19, 54, 36, 35, 54, 27, 19,  9, 22,  8, 29, 37, 33, 44, 40, 26, 33, 47, 54, 57, 52, 14, 33, 18, 11, 36, 24,
    10, 43, 51, 11, 12, 20, 32, 54, 26, 57, 51, 22, 36, 13, 34, 34, 11, 14, 35, 57, 46, 54, 21, 25, 18, 51, 38,  9, 34, 47, 18, 42, 18, 11,
    28, 35, 51, 12,  9, 57, 50, 30, 21, 48, 47, 15, 21, 16, 15, 20, 39, 41, 20, 31, 24,  9, 11, 46, 41, 33, 28, 24, 48,  9, 31, 27, 21, 36,
    11, 16, 17, 54, 54, 26, 28, 44, 34, 33, 38, 17, 32, 33, 41, 48, 42, 15, 14, 25, 22,  8, 17, 50, 57, 25, 37, 17, 49, 48, 22,  9, 54, 13,
    12, 45, 15, 15, 24, 52, 46, 27,  8, 49, 23, 17, 26, 50, 44, 23, 51, 25, 41, 10, 50, 32, 30, 56, 21, 20, 10, 38, 26, 39, 32, 32, 18, 16,
    42, 47, 37, 16, 16, 26, 10, 51, 32, 21, 20, 48, 19, 54, 18, 26, 15, 49, 25, 57, 27, 54, 29, 18, 10, 24, 20, 21, 49, 45, 41, 34, 43, 18,
    35,  9, 22, 30, 12, 49, 27, 19, 40, 15, 11, 15, 41, 33, 29, 46, 33, 27, 28, 15, 27, 33, 32, 20, 36, 36, 42, 20, 17, 44, 34, 13, 35, 39,
    17, 34, 14, 53, 51, 46, 57, 44, 26, 28, 36, 39, 41, 20, 39, 31, 43, 46, 43, 13, 22, 40, 57, 31, 38, 51, 28,  9, 23, 37, 50, 56, 19, 18,
    40, 41, 22, 11, 18, 40, 50, 50, 24, 57, 28, 49, 25, 44, 51, 12, 27, 10, 31, 41, 49, 47, 47, 30, 11, 40, 29, 32, 39, 55, 16, 18, 55, 56,
    54, 36, 17, 46, 24, 11,  8, 18, 30, 33, 42, 39, 50, 41, 14, 50, 43,  8, 34, 51, 32, 44, 18, 18, 12, 11,  9, 41, 56, 27, 38, 43, 24, 23,
    10,  8, 30, 42, 10, 49, 50, 49, 17, 50, 43, 12, 57, 47, 52, 51, 23, 32, 57, 53, 15, 38,  8, 22, 36, 54, 24, 35, 44, 56, 41, 17,  8, 42,
    10, 46, 28, 10, 19, 30, 13, 10, 27, 21, 20, 37, 31, 54, 52,  9, 52, 56, 22, 19, 28, 42, 39, 25, 44, 30, 47, 28, 31, 26, 26, 54, 11, 25,
    26, 24, 47, 48, 20,  8, 56, 40, 19, 11, 18, 15, 29, 10, 40, 55, 55, 23, 36, 38, 47, 29, 33, 42, 37, 35, 32, 42, 15, 13, 21, 14, 52, 50,
    21, 21, 18,  8, 42, 22, 10, 50, 56, 48, 49, 51, 55, 44, 47, 10, 53, 17, 31, 39, 15, 14, 43, 56, 24, 17, 22, 42, 54, 26, 11, 36, 18, 54,
    23, 25, 30, 35, 24, 52, 39, 12, 13, 42, 21, 56, 13, 31, 15, 46, 30, 41, 36, 53, 35, 44, 24, 43, 48, 25, 13, 25, 26, 56, 24, 38, 29,  9,
    46, 43, 53, 42, 21, 33, 29, 23, 39, 44, 35, 13, 26, 29, 53, 15, 20, 22, 28, 29, 10, 30, 13,  8, 50, 13, 52, 11, 26, 40, 33, 27, 20, 18,
    24, 29, 23, 37, 45, 54, 31, 46, 55, 50, 35, 47, 11, 28, 38, 43, 35, 40, 34, 51, 53, 44, 46, 54, 20, 37, 24, 55, 22, 28, 57, 10, 15, 56,
    52, 33, 23, 10, 12, 14,  9, 29, 40, 43, 56, 14, 38, 26, 16, 29, 55, 38, 45, 10, 26, 52, 24, 11, 55, 39, 42,  9, 23, 26, 42, 36, 15, 15,
    19, 53, 15, 22, 53,  9, 16, 12, 53, 14, 29, 14, 23, 21, 46, 31, 47, 30, 50, 54, 25, 13, 44, 53, 11, 16, 30, 10, 14, 39, 40, 20, 46, 19,
    51, 53, 41, 14, 15, 26, 55, 57, 16, 51, 22, 49, 33, 25, 24, 46, 22, 33, 18, 12, 18, 36, 40, 13, 52, 17, 32, 13, 48, 18, 48, 21, 31, 50,
     8, 32, 49, 46, 57, 33, 51, 19, 24, 14, 36, 24, 23, 22, 12, 35, 16, 43, 13, 40, 13, 47, 37, 52, 52, 46, 40, 13, 52, 41, 23, 22, 49, 51,
    44, 39, 44, 57, 54, 55, 53, 55, 30, 25, 24, 35, 21, 11, 19, 32, 49, 23, 50, 47, 51, 14, 49, 38, 51, 19, 19, 51, 11, 41, 50, 47, 36, 51,
    12, 25, 54, 56, 20, 50, 43, 38, 37, 47,  9, 20, 39, 17, 46, 18, 28, 56, 54, 50, 54, 43, 25, 16, 34, 25, 52, 15, 13, 37, 25, 27, 53, 35,
    48, 27, 32, 18, 20, 33, 39, 27, 20, 23, 44, 19, 39, 42, 57, 15,  9, 42, 27, 55, 10, 36, 31, 36, 48, 23, 32, 56, 55, 24, 45, 35, 22, 38,
    45, 17, 25, 10, 20, 44, 21, 27, 48, 20, 49, 32, 25, 31, 34, 24, 24, 56, 53, 15, 44, 14, 48, 48, 20, 26, 12, 36, 12, 23, 53, 18, 46, 22,
    52, 28, 10, 13, 13, 54, 15, 38, 41, 41, 24, 52, 35, 22, 32, 22, 42, 48, 34, 50, 14, 23, 16, 30,  9,  9, 39, 57, 30, 51, 56, 46, 21, 15,
    49, 27, 57, 47, 20, 12, 12, 23, 43, 21, 52, 35, 44, 48, 34, 14, 11, 34, 23,  8, 56, 35, 55, 41, 47, 51, 10, 30, 10, 11, 13, 48, 48, 55,
    51, 50, 17, 18, 36, 35, 56, 41, 15, 32, 53, 48, 51, 17, 47, 55, 28, 40, 10,  8, 42, 38, 54, 44, 28, 25, 12, 12, 30, 25, 34, 28, 53, 21,
    20, 57, 22,  9, 24, 50, 22, 26, 16, 55, 52, 54, 15, 25, 27, 16, 46,  9, 35, 11, 14, 56, 55, 17, 54, 57, 43, 22, 18, 44, 33, 42, 24, 43,
    40, 17, 54, 30, 36, 55, 50, 35, 55, 12, 40, 51, 30, 23],
   [32, 39, 36, 28, 33, 50, 34, 22, 24, 32, 30, 34, 49, 31, 10, 15, 10, 50, 12, 20, 35, 12, 42, 41, 22, 15, 33, 47, 13, 39, 16, 31, 45, 17,
    35, 36, 33, 47, 43, 11, 15, 20, 34,  9, 30, 43, 13, 32, 10, 12, 20, 26, 22, 29, 48, 27, 13, 19,  8, 42, 34, 19, 37, 18, 17, 35, 26, 11,
     9, 34, 27, 26, 23, 27, 43, 47, 24, 30, 23, 32, 23, 46, 22, 42, 30, 37, 21, 45, 24, 46, 28, 48, 42, 10, 13, 46, 23, 43, 26, 50, 48, 26,
    14, 19, 19, 32,  8, 11, 47, 50, 44, 29, 40, 50, 16, 20, 18, 25,  9, 34, 14, 17, 44, 18, 35, 32, 28, 21, 28, 33, 42, 47, 26, 27,  9,  9,
    46, 32, 50, 38, 10,  9, 18, 38, 24,  8, 36, 50, 49, 45, 14,  9, 19, 41, 28, 42, 11,  9, 48, 16, 47, 13, 48, 12, 43, 15, 16, 32, 11, 36,
    19, 31, 13, 37, 42,  8, 16, 36, 35, 40, 41, 21, 26, 10, 19, 33, 18, 32, 16, 25, 47, 27, 40, 47, 47, 36, 11, 21, 16, 15,  8, 42, 15, 34,
    19, 12, 40, 23, 30, 39, 25, 29,  9, 49, 21, 34, 19, 44, 50, 21, 28, 32, 47, 39, 23, 29, 49, 12, 33, 34, 16, 37, 35, 34, 19, 24, 42, 46,
    32,  8, 30, 29, 39, 17, 15, 11, 40, 36, 26, 25, 15, 12, 29, 47, 49, 41, 13, 34, 49, 37, 11, 39, 32, 29, 30, 37, 20, 32, 33, 20, 19, 39,
    50, 45, 46, 44, 45, 39, 22, 19, 20, 39, 26, 40, 19, 29, 13, 43, 35, 15, 13, 10, 21, 41, 20, 18, 18, 14, 15, 14, 26, 19, 45, 16, 14, 30,
    47, 24, 32, 28, 25, 20, 35, 21, 38, 26, 21, 22, 14, 14, 46, 47, 50, 44, 25,  9, 45, 25, 12, 46, 26, 39, 43, 35, 16, 44, 28, 25, 22, 16,
    30, 46, 35, 30, 16, 14, 41, 42, 48, 32, 11, 24, 17, 10, 43, 28, 33,  9, 26, 50, 34, 34, 11,  8, 50, 43, 37, 35, 14, 31, 38,  9, 27, 38,
    31, 30, 30, 43, 38, 17, 10, 33, 24, 23, 25, 26, 39, 20, 41, 14, 16, 43, 36, 21, 36, 48, 29, 15, 43, 31, 20, 41, 27, 29, 41, 40, 10, 18,
    11, 11, 30,  8, 34, 10, 20,  8, 39, 25, 31, 35, 24, 26, 40, 36, 37, 46, 11, 31, 17, 15, 30, 43, 47, 50, 28, 26, 45, 47, 22, 23, 40, 17,
    12, 41, 32, 37, 14, 29, 30, 42, 41, 47,  9, 47, 13, 17, 21, 48, 28, 19, 10, 45, 44, 45, 27, 42, 34, 36, 12, 38, 24, 12, 33, 24, 24,  8,
    39, 32, 20, 40, 31, 39, 36, 41, 32, 20, 17, 31, 31,  8, 11, 49, 44, 29, 11, 15, 13, 33, 32, 18, 17, 38, 34, 46, 11, 12, 28, 23, 15, 28,
    44, 33, 17, 31, 21, 28, 12, 28, 46, 14, 25, 11, 13, 30, 11, 12, 35, 21, 10, 25, 21, 19, 41, 17, 35, 46, 24, 14, 37, 21, 40, 27, 21, 37,
    27, 30, 12, 47, 41,  8, 23, 31, 47, 43, 42, 23, 50, 46, 46, 20, 33, 43, 15, 45,  9, 22, 25, 35, 18, 11, 19, 37, 24, 18, 13, 15,  8, 13,
    23, 14, 32, 47, 10, 33, 20, 34, 47, 29, 31, 11, 35, 18, 30, 50, 50, 45, 41, 32, 23, 34, 19, 20, 45, 20, 17, 40, 15, 28, 18, 33, 47, 42,
    11, 28, 30, 22, 39, 15, 50, 38, 48, 25, 46, 48, 13, 30, 39, 34, 23, 29, 42, 40, 34, 28, 14, 29, 38, 48, 48,  8, 41, 21, 38, 44, 30, 45,
    36, 31, 47, 34, 13, 12, 14, 47, 26, 48, 35, 13,  9, 15,  9, 44, 31, 31, 32, 36, 48, 35, 24, 43, 31, 19, 12, 25, 25, 21, 30, 27, 15, 18,
    39, 15,  8, 44, 22, 23, 10, 40, 21, 34, 29, 32, 30, 16, 32, 39, 46, 35, 16, 36, 26, 37, 25, 39, 26, 41, 20, 36, 46, 28, 43, 48, 44, 12,
    47, 12, 25, 44, 19, 32, 15, 11, 32,  9, 10, 26, 22, 25, 20, 20, 42,  9, 14, 48, 15, 49, 27, 30, 10, 38, 35, 35, 25, 45, 24, 40, 14, 14,
    50, 36, 29, 28, 34, 37, 17,  8, 42, 38, 29, 11, 20, 44, 38, 29, 27,  9, 14, 35, 48, 11, 18, 44, 36, 32, 20, 27, 39, 28, 50, 11, 41, 28,
    43, 17, 22, 24, 11, 44, 37, 23, 17,  8, 27, 34, 38, 27, 20, 33, 41, 37, 46, 40, 13, 50, 21, 13, 11, 35, 42, 12, 25, 42,  8, 39, 17, 18,
    20, 21, 12, 31, 11,  8, 41, 38, 17, 19, 45, 34, 33, 38, 18, 20, 22, 29, 35, 43, 29, 10, 21, 45,  8,  8, 20, 47, 33, 42, 23, 38, 15, 41,
    23, 33, 38, 24,  9, 41, 30, 44, 25, 15, 47, 21, 28,  8, 26, 30, 16, 40,  9,  8, 33, 35, 14, 31, 21, 46, 45, 23, 47, 47, 12, 25, 12, 24,
    32, 11, 31, 37, 35, 49, 43, 29, 50, 18, 21, 21, 30, 34, 29, 46, 13, 22, 10, 22, 21, 50, 15, 30, 31, 50, 41, 15, 21, 31, 43, 39, 35, 28,
    31, 29, 45, 42, 10, 24, 29, 47, 41, 11, 28, 23,  9, 47, 44, 24, 32, 28, 36, 22, 29, 37, 35, 33, 42, 24, 12, 32, 35, 14, 16, 30, 50, 11,
    36, 12, 11, 42, 11, 38, 40, 13, 10, 33, 32, 45, 37, 13, 40, 11, 34, 11, 11, 46, 15, 37, 21, 28, 24, 24, 41, 12, 23, 30, 26, 39, 37, 12,
    13, 42, 26, 18, 41, 13, 45, 27, 25, 32, 22, 38, 20, 37],
   [17, 48, 50, 48, 20, 53, 43, 29, 48, 48, 48, 23, 30,  7, 50,  8, 30, 13, 21, 39, 51, 26, 43, 15, 18,  8, 32, 38, 45, 50, 18,  6, 23, 14,
    41, 27, 14, 13, 50, 29, 17, 49, 36, 43, 40, 43, 46, 25, 42, 19, 10, 45,  7, 10, 21, 18, 52, 15, 20, 34, 16, 53, 50, 49, 34, 34, 33, 21,
    30, 52, 54, 42, 55, 52, 43,  9, 25, 10, 30, 22, 37,  7, 48, 25, 55, 41, 19, 10, 30, 42,  6, 42, 21, 35, 50, 18, 34, 27, 15, 16, 11, 27,
    26, 15, 11, 27, 50, 41, 47, 50, 40,  6, 28, 36, 20, 14, 38, 13, 25, 41, 17, 39, 30, 46, 20, 11,  6, 54, 22, 20, 19, 17, 57, 31, 54, 32,
    20, 37, 47, 24, 51, 11,  9, 41, 18, 33, 35,  9, 47, 52, 47, 48, 16, 37, 30, 18, 20, 25, 55, 34, 11, 36, 32, 38, 10, 49, 45, 48, 17, 22,
    25, 19, 45, 55, 24, 44, 10, 26, 24, 14, 33, 41, 41, 13, 16, 32, 52, 38, 27, 38, 34, 34, 48, 45, 56, 29, 34, 33, 30, 41, 48, 24, 48, 50,
    12, 15, 37, 20, 19, 10, 28, 31, 46, 36, 52, 26, 57, 19, 41,  8, 20, 20, 27, 19, 54, 54, 42, 31, 13, 25, 54, 46, 36, 26, 52, 53, 20,  6,
    35, 28, 31,  6, 19, 31, 39, 35, 35, 26, 33, 55, 42, 15, 10, 25,  6, 49, 31, 41, 44, 14, 17,  7, 14, 48, 29, 25, 30,  6, 17, 40, 22, 31,
    55, 57, 40, 36, 19, 12,  9, 41, 56, 52, 22, 18, 52, 21, 18, 57, 35,  6, 31, 48, 33, 55, 43, 49, 41, 38, 57, 29, 26,  8, 23,  9, 57, 53,
    33, 56, 10, 13, 56, 31, 31,  8, 44, 31, 27, 46, 27,  8, 20, 56, 54, 37, 20, 46, 16, 27, 32, 49, 28, 13, 35, 51, 34, 56, 44, 46, 14,  8,
     8, 15, 20, 33, 43, 31, 15, 36, 44, 44, 46, 44, 11, 49, 52, 13, 35, 32, 30, 53, 34, 32, 31, 45,  8,  9, 45, 43, 40, 57, 10, 25, 14, 50,
     8, 46, 43, 18, 14,  6,  7, 40, 15, 24, 14, 11,  8, 18,  9,  8, 46, 18, 44,  6, 12, 38, 34, 45, 51, 51, 51, 35, 45, 11, 22, 57, 26, 57,
    10, 34, 50, 21, 11, 56, 50, 51, 16, 53, 26,  7, 48, 54, 54, 44, 46, 18, 14,  8, 17, 21, 33, 45, 39, 38,  6, 29,  6, 57, 22, 38, 26, 16,
    13, 27,  9, 42, 14, 47, 12, 46, 50, 34, 28, 53, 45, 39,  7, 24, 12, 17, 14, 30, 53, 44, 52, 56, 45, 34, 38, 42, 11, 53, 24, 54, 37, 55,
    13, 28, 37, 39, 14, 14, 22, 30, 37, 56, 57, 45, 48, 36, 44, 25, 52,  6, 31, 44, 21,  8, 27, 35, 53, 22, 35, 41, 31, 57, 17, 34, 51, 15,
    11, 53, 48, 51, 26, 41, 29, 23, 29, 30, 52,  7, 14, 54, 48, 39, 19, 31, 41, 10, 18, 35, 49, 17, 15, 56,  7, 40, 20, 45, 17, 32, 41,  8,
    16, 29, 26,  9, 22, 25, 35, 32, 17, 11, 35, 41, 41, 32, 17, 26, 11, 26, 50, 37,  8, 43, 16, 15, 55, 22, 16, 46,  7, 48,  8, 35, 17, 12,
    27, 36, 22, 32, 26, 28, 48,  8, 18,  6, 22, 22, 50, 39, 20, 24, 39, 39, 34, 29, 36, 30, 18, 44, 45, 23, 42,  8, 15, 20, 42, 54, 16, 54,
    56, 48, 56, 15, 50, 30, 12, 17, 12, 31, 46,  8, 48, 55, 53, 14, 48, 36, 36,  9, 24, 19, 32, 36, 25, 36, 29, 12,  7, 29, 37, 35, 57, 54,
    57, 49, 12,  6, 32, 42, 30, 32,  6, 36, 33, 56, 20, 52,  7,  8, 57, 53, 28, 46, 28, 40, 19, 46, 28,  9, 55, 27, 44, 38, 29, 16, 15,  7,
    31, 12, 12, 51, 30, 48, 19, 48, 24, 16, 37,  9, 52, 54, 15, 56, 36, 19, 43, 14, 11, 15, 10, 14, 50, 46, 55, 48, 15, 54, 36, 50, 18, 11,
    34, 53, 23, 23, 56, 35, 24, 22, 41,  9, 38, 32, 28, 17, 38, 50, 14, 32, 41, 12, 46, 22, 38, 54, 33, 56, 45, 48, 32, 56, 38, 33, 25, 14,
    31, 43,  9, 43, 21, 14, 38, 31, 36, 16, 39,  7, 32, 35, 16, 32, 27, 26, 43, 33, 36, 39, 46, 22, 56, 44, 24, 25, 13, 32, 45, 46, 35,  6,
     6, 53, 14, 52, 28, 12, 50, 46, 50, 21,  7, 44, 39, 52, 44, 44, 11, 35, 56, 47, 13, 37, 41,  9, 23, 46, 44, 30, 35, 18, 28, 10, 51, 42,
    33, 33, 16, 43, 11, 36, 46, 52, 12,  7, 30, 14, 57, 42, 52, 54, 53, 24, 24, 33, 30, 40, 22, 30, 46, 35, 43, 15, 51, 21,  8, 51,  7, 37,
     6, 56, 52, 12, 55,  9, 13, 18, 47, 50, 35, 55, 45, 21, 19, 32, 48, 12, 33, 19, 43, 27, 47, 25, 38, 23, 57, 28, 49, 29, 57, 41, 18, 35,
    14, 21, 48, 48, 18, 49, 39, 48, 32, 14, 28, 36, 19, 27, 24, 29, 14, 22, 45, 11, 35, 38, 33, 19, 52, 23, 57, 40, 54, 14, 45, 12, 40, 30,
     9, 50,  6, 35, 22, 24, 15, 38, 22, 29, 39, 52, 33, 26, 39, 28, 19, 22, 52, 17, 17, 50, 13, 11, 50, 14, 44, 11, 23, 44, 11, 20, 18, 28,
    31, 48, 54, 31, 25, 47, 18, 20, 57, 31, 52, 47, 34, 56, 51, 42, 49, 35, 22, 53, 57, 24, 53, 42, 31, 13, 13,  9, 14, 12, 37,  6, 22, 51,
    27, 21, 40, 18, 24, 42, 14, 44, 11, 11, 41, 28,  6,  7]]
W=[21335, 18960, 19465, 15363, 19832, 18246, 24022, 18541, 19897, 17204, 25757, 26046, 19810, 27435, 21321, 24117, 22061, 27169, 22981,
   25484]
b=[ 4,  5, 20,  8,  8, 14, 19, 14, 14,  8, 14,  9, 18, 15,  2, 10, 15,  9,  1, 17, 11, 17,  2,  2, 15, 13, 19,  7, 19, 10, 18, 13,  8, 15,
    3, 16, 11, 19, 14,  1,  3,  9,  6,  1, 15,  2, 14, 11,  1, 13,  4, 19,  3, 13,  8,  9, 12, 18,  1,  9, 10,  7, 13,  8, 20,  2, 13,  5,
   20, 15,  9,  2, 10, 11,  9, 18,  7,  9,  3,  2,  5, 19, 11,  2,  6, 10, 19, 20, 16, 12,  5,  6, 16, 13, 14, 20, 19,  6, 10, 19, 15, 20,
    4, 11,  4, 15, 13,  5,  4, 16,  5, 19,  6, 17, 16, 14, 11,  3, 19, 17, 10, 17, 18, 16,  7,  8,  2,  3, 15, 10,  7,  6,  1,  1, 19,  5,
    4, 14,  5,  9,  8,  6, 14, 17, 20, 19, 18,  2,  6,  1,  3,  6, 20, 15,  8,  9,  5,  3, 19, 14,  6, 13,  4, 11,  8,  4,  5, 18,  3, 16,
    8,  9, 13,  4, 11,  9,  2, 11,  7,  6, 12, 20, 20,  4,  9, 11, 18,  9, 12, 16,  5, 11,  4, 16, 14,  1,  6, 13, 12, 15, 14,  2, 17,  5,
    8, 11,  7,  4, 17,  2, 14, 18, 18, 12, 17,  3, 17, 19, 10,  9, 18,  8, 15,  5, 11,  6,  3, 10,  2,  8, 20, 15, 12,  1, 18,  6,  6,  3,
   11, 20, 13,  2,  8,  3, 12,  8, 19,  6, 12, 16,  5,  2,  5,  4, 19, 13, 16, 14,  1, 11,  5, 19, 15, 20, 18,  1,  2,  1,  5, 15, 16, 10,
    4, 18,  3,  9,  6, 12,  5,  3, 13, 17,  9,  5, 17, 14,  1,  6,  6,  7, 18, 12, 16,  2, 17, 12,  8,  8, 18, 14,  6, 13,  3, 20, 17,  7,
    9, 12,  6, 12,  2,  3, 19, 19, 12, 20, 14,  8, 16,  9, 12, 19, 19,  6, 18, 10,  7,  7, 18, 12, 15, 17,  2,  8, 14, 17,  7,  1, 11, 20,
    3,  3,  9, 20, 15, 11, 10, 11, 14, 18,  7,  3, 11,  3, 18,  7,  4, 17,  3,  2,  9, 14, 13, 20, 14, 14,  1, 18,  5,  1,  8,  1,  5, 20,
    3,  8, 18,  8,  3, 12, 12, 16,  5, 15, 16, 16,  9, 11, 20, 11, 13, 14, 15,  4, 12,  7, 20, 15, 20, 11,  1,  2, 15, 11, 16,  1,  5, 11,
   18, 19, 10, 11,  3, 13, 10,  9, 13,  3, 18, 11, 11, 20, 19, 18,  8, 19,  8, 17, 13,  5,  3, 14,  1, 14,  9, 20,  8, 17,  2, 14, 12, 18,
   14,  5,  6,  3, 18,  1, 12,  5, 11, 13, 20,  3, 10, 11,  8, 15,  5,  4, 17,  6, 13,  1, 11, 19,  9, 16, 17, 10, 14, 16,  1, 13,  8, 10,
    6, 20,  9,  5, 11, 18, 15,  9, 12, 20, 20, 17, 11, 16,  2,  7, 15, 11, 18, 13,  2, 13,  5, 12, 13,  6,  7, 11,  5, 12,  9, 15,  7, 17,
   15, 17, 16,  9,  8,  9, 13,  2,  7,  4,  7, 13,  7, 12,  2,  6, 18, 10, 14,  7, 18, 17, 10, 17, 10,  7,  5,  1, 18,  9, 16, 18,  6, 11,
   12, 16, 11, 15,  6,  9, 15,  3, 18, 11, 20,  1, 18, 13, 16,  5, 14,  5,  7, 14, 19, 10,  2, 17,  6, 17, 19, 16, 12, 15,  7,  3,  4,  5,
   16,  6,  3,  1,  1,  6, 19, 11,  9, 12, 14, 15, 16, 16,  6,  1, 11, 13, 14,  2, 18,  2, 19, 19,  4, 10,  9, 18, 15, 16, 13,  2, 12,  8,
    7,  2,  7,  3, 14, 20, 13,  6, 11, 14, 15, 14,  6,  6, 11, 13,  8, 19, 14,  6,  1,  5,  6, 14,  4,  5,  9, 15, 16, 11, 12,  7,  5, 17,
   18, 14,  4,  5,  4, 11, 13,  1, 13, 16, 14, 19,  8,  3, 15, 11,  6, 11,  5, 19, 15, 18,  2, 17,  4, 16,  7, 14, 16, 13,  9, 13, 12, 17,
   17, 18,  4, 20,  8,  3, 11, 17, 11,  3, 15, 17, 13,  2, 11,  2,  4, 13,  2, 17, 14,  2, 12, 19, 13,  8,  3, 19, 18,  2, 12,  8, 20, 17,
   17,  5, 12,  4, 11,  2,  3, 12, 11,  1,  6, 17, 13, 11, 12,  5,  7, 16,  7,  5,  6, 13, 11,  2, 18,  2, 17, 18,  5, 15,  7,  7, 15,  7,
    2,  7, 20, 17, 10, 13,  2, 19, 15,  6, 17, 18,  9,  5, 11, 13, 11,  6,  8, 18,  3, 19,  3,  1, 16, 14,  3,  8, 16,  2, 19, 14,  8, 12,
    9, 17,  7,  9, 14, 13,  8, 17, 13, 17,  6,  7,  2,  5,  8,  8,  1,  8,  7,  2,  7, 20, 12,  1,  6, 20, 15,  6,  4, 14,  5,  9,  9, 11,
   19, 14, 12, 10,  7,  2,  8,  3,  6,  2,  1, 10,  9, 13,  8, 18, 17,  2,  9,  9, 17, 14, 13, 19,  6, 12, 12, 13,  5,  2,  9, 15, 16, 20,
   13, 18, 17,  1,  8, 20, 11,  8,  1, 10,  8, 16, 18,  2,  9, 12, 14, 17, 20, 10,  3, 15, 20, 13, 10,  3,  6, 20,  2,  1,  4, 14, 20, 15,
    8, 14, 19,  3, 18, 15, 17,  8,  2, 20, 12, 17,  9, 14, 16, 17, 13, 15,  3,  7, 19, 16,  6, 14,  6,  9, 12,  8, 14, 20, 10, 18, 18,  2,
   20, 17, 15, 18,  7,  5,  3,  5,  7, 19, 20,  5,  1,  6, 10,  3, 15, 15,  5, 18, 16, 14, 17,  8,  7, 15,  2, 13, 12,  4,  6, 12,  1, 20,
    9,  7,  4, 12, 15, 18,  7, 14, 15, 11, 16,  2, 18, 16, 11,  3,  1, 18,  9,  2, 18, 11, 16, 13, 13,  3,  5, 18,  7, 14, 18,  9,  6, 14,
    1, 17, 12, 13,  9,  3,  5,  4, 15, 19,  6, 15, 20,  7]
P=[V,R,W,b]

Mejor solucin encontrada
[ 0,  0,  0,  0,  0,  1,  8,  0,  0,  0,  0,  0,  0,  0,  0,  0,  0,  0,  0,  8,  0,  0,  2,  0,  0,  0,  0,  0,  0,  0,  0,  0,  0,  0,
  0,  0,  0,  0,  4,  0,  0,  0,  0,  1,  0,  0,  0,  0,  0,  0,  0,  0,  0,  0,  0,  9,  0, 18,  0,  0,  0,  0,  0,  0,  0,  0,  0,  1,
  0,  0,  0,  0,  0, 11,  0,  0,  0,  0,  0,  0,  0,  0,  0,  0,  3,  0,  1,  0,  0,  0,  0,  6,  0,  0,  0,  0,  0,  0,  0, 12, 14, 19,
  0,  0,  0,  0,  0,  0,  0,  0,  0,  0,  5,  0,  0,  0,  0,  0,  0,  0,  0,  0, 13,  0,  0,  0,  0,  0,  0,  0,  0,  0,  1,  0,  0,  0,
  0,  0,  0,  0,  0,  6,  0,  0,  0,  0,  0,  0,  0,  0,  0,  0,  0,  0,  0,  0,  0,  0,  0,  0,  0,  0,  2,  0,  8,  0,  0,  0,  0,  0,
  0,  0,  0,  0,  0,  1,  0,  0,  0,  0,  0,  0,  0,  0,  0,  0,  0,  0,  0,  0,  5,  0,  4,  0,  0,  0,  0,  0,  0,  0,  0,  0,  0,  0,
  0,  0,  7,  0,  0,  0,  0,  0,  2,  0,  1,  0,  0,  0,  0,  0,  0,  0,  0,  0,  0,  0,  0,  0,  0,  0,  0,  0,  0,  0, 12,  0,  0,  0,
  0, 20,  0,  0,  0,  0, 12,  0,  0,  0,  0,  0,  0,  0,  0,  0, 14,  0,  0,  0,  0,  0,  0,  0,  0,  0,  0,  0,  0,  0,  0,  0,  0,  0,
  0,  0,  0,  0,  0,  0,  0,  3,  0,  0,  0,  0,  0,  0,  0,  0,  0,  0,  0,  0,  0,  2,  0,  0,  0,  0,  0,  0,  0,  0,  0,  0,  0,  7,
  0,  0,  0,  0,  0,  0, 19,  0,  0,  0,  0,  0,  0,  0,  0, 19,  0,  0,  0,  0,  0,  0,  0,  0,  0,  0,  0,  0,  0,  0,  0,  0,  0,  0,
  0,  0,  0,  0,  0,  0,  0,  0,  8,  0,  0,  0,  0,  0,  0,  0,  0,  0,  0,  0,  0,  0,  0,  0,  0,  0,  1,  4,  0,  0,  0,  0,  0,  0,
  0,  0,  0,  0,  0,  0,  0,  0,  4,  0,  0,  0,  0,  7,  0,  0,  1,  0,  0,  0,  0,  7,  0,  0,  0,  0,  0,  0,  0,  0,  0,  0,  0,  0,
  0,  0,  0,  0,  0,  0,  0,  0,  0,  0,  0,  0,  0,  0,  0,  0,  0,  0,  0,  0,  0,  0,  0,  0,  0,  0,  0,  0,  0, 15,  0,  0,  0,  0,
  0,  5,  1,  0,  0,  0,  0,  0,  0,  0,  0,  0,  0,  0,  0,  0,  0,  0,  0,  0,  8,  0,  0,  0,  0,  0,  2,  9,  0,  0,  0,  0,  0,  7,
  0, 20,  0,  0,  0,  0,  0,  0,  0,  0,  0,  0,  0,  0,  0,  7,  0,  0,  0,  0,  0,  0,  0,  0,  0,  0,  0,  0,  0,  0,  0,  0,  0, 13,
  0, 17,  0,  3,  0,  0,  0,  0,  0,  0,  0,  0,  0,  0,  0,  0,  0,  0,  0,  0,  0,  0,  0,  0,  0,  0,  1,  0,  0,  0,  0,  0,  0,  0,
  0,  1,  1,  0,  0,  0,  3,  0,  0,  5,  0,  0,  0,  0,  0,  0,  0,  0,  0,  0,  0,  0,  0,  0,  3,  0,  0,  0,  0,  0,  0,  0,  0,  0,
  0,  1,  0,  0,  0,  0,  0,  0,  0,  0,  5,  0,  0,  0,  0,  0,  0,  0,  0,  0,  7,  0,  0,  0,  0,  0,  0,  0,  0,  0,  0,  0,  0,  0,
  7,  0,  7,  0,  0,  0,  0,  0,  0,  2,  0,  0,  0,  0,  0,  0,  0, 11,  0,  0,  0,  0,  0,  0,  0,  0,  0,  0,  0,  0,  0,  0,  0,  0,
  0,  0,  0,  0,  0,  0,  0,  0,  0,  1,  0,  0,  8,  3,  0,  0,  0, 11,  0,  0,  0,  0,  0,  0,  0,  0,  0,  2,  0,  0,  0,  2,  0,  0,
  6,  0,  0,  0,  0,  0,  0,  0,  0,  0,  0,  0,  0,  0,  0,  0,  4,  0,  0,  0,  0,  0,  0,  0, 11,  0,  0,  2,  0,  0,  8,  0,  0,  0,
  0,  0,  6,  0,  0,  0,  0,  5,  0,  0,  0,  0,  0,  0,  0,  0,  0,  0,  0,  1,  0,  0,  0,  0,  0,  0,  0,  0,  0,  0,  0,  0,  0,  0,
  0,  0,  0,  0,  0,  0,  0,  0,  0,  0,  0, 17,  0,  0,  0,  0,  0,  6,  1,  0,  3,  0,  0,  0,  0,  0,  0,  0,  1,  0,  0,  0,  0,  0,
  0,  0,  0,  0,  0,  0,  0, 14,  0,  0,  0,  2,  1,  0,  0,  0,  0,  0,  1,  0,  0,  0,  0,  0,  0,  0,  0,  0,  0,  0,  0,  6,  0,  0,
  0,  0,  0,  0,  0,  0,  0,  0,  0,  0,  0,  3,  0,  0,  0,  0,  0,  0,  9,  0,  0,  0,  0,  0,  0,  0,  0,  0,  0,  2,  0,  0,  0,  0,
  0,  0,  4,  0,  0,  0,  0,  0,  0, 10,  7,  0,  0,  0,  0, 12,  0,  0, 20, 10,  0,  0,  0,  0,  0,  0,  0,  0,  2,  0,  0,  1,  0,  0,
  0,  2, 18,  0,  0,  0,  0,  0,  0, 13,  0,  0,  0,  0,  0,  0,  0,  0,  0,  0,  0,  0,  0,  0,  0,  0,  0,  0,  3, 11,  0,  0,  0,  0,
  0,  0,  1,  0,  0,  5,  0,  0,  0,  0,  0,  0,  0,  0,  0,  0,  0,  0,  0,  0,  0,  0,  0,  0,  2,  0,  0,  0,  0,  2,  0,  0,  0,  0,
  0,  0,  0,  1,  0,  0,  0,  0,  0,  0, 15,  0,  0,  0,  0,  2,  0,  0,  0,  0,  0,  0,  0,  0,  0,  0,  0,  0,  0,  0,  0,  0,  0,  0,
  0,  0,  0,  0,  0,  0,  0,  0,  0,  0,  0,  0,  0,  0]


Valor ptimo generado:
83513