MBKP con n=500 y m=15
V=[ 42, 105,  29,  15, 137,  12,  31,  16,  55,  39,  58,  58,  98,  84,   9,  69,  74,  51,  29,  18,  12,  32,  25,  25,  14,   2,
    60,  23,  11,  20,  43,  16,  26,  26,  13,  81,  63,  31,  65,  51,  95,  46,   5,  68,  25,   4,  33,  13,  57,  46,  58,  34,
   108,  29,  63,  36,  63,  36,  46,  39,  61,  27,  40,  58,  25,  41,   9,  18, 120, 133,  49, 112,  31,  24,  53,  11,  47,  27,
    18,  74, 124,  49,  35,  53,  88,  39,  27,  83,  23,  54,  50,  97,  44, 156,  42,  82,  88,  42,  41,  71,  94,  70,  91,  67,
    98,  26,  46, 132,  33,  25,  55,  65,  40,  25,  57, 124,  40,  68,  18,  64,  80,  59,  37,  30,  35,  76,  17,  29,  28,  41,
    35,  44,  36,  22,  63,  24,  80,  26,  16,  46,  62,  89,  68,  36, 117,   9,  15,  13,  59,  74,  11,  51,  24,  89,  42,  14,
    21,  56, 115,  63,  39,  63,  25,  73, 100,  26,  63,  81,  61,   9,  85,  74,  54,  33,  15, 140,  98,   8,  30,  76,  19,  22,
    75,  27,  17,  35,  62, 110, 101,  78,  55,  16,  60,  27,   8,  24,  17,  60,  22, 149,  83,  76,  26,   6, 112,  27,  48,  21,
    24,  67,  89,  87,  38,  74,  89,  14,   9,  35,  25, 115,  29,  12,  30,  61, 115, 121,  34,  73,  22,  16,  24,  28,   7, 101,
    52,  93,  14,  37,  71,  19,   5, 125,  42,  26,  37, 122,  50,   6,  29,  60,  50,  23,   7, 106,  40,  47,  73,  34,  11,  31,
     8,  18,  28, 112,  58,  77,  10,  42,  46,  36,  17,  49,  28,  68,  82,  85,  57,  39,  64,  26,  56,  45,  40,  54,  91,  46,
    95,  28,  86,  88,  54,  12, 125,  19,  83,  48,  78, 139,   6,  43, 114,  58,  74,  12,  25,  22,  39,  75,  13,  22, 113,  41,
    40,  13,  44,  29,  40,  14,  69,  68,  20, 103,  48, 119,  62, 128,  85,  32,  81,  36,  28,  56,  10, 115,  25,  41,  13,  16,
    83,  89,  35,  44,  22,  39, 108,  28,   9,  16,  54,  19,  24, 111,  87,  68,  60,  10,  38,  48,  50,  26,  60,  44,  19,  55,
    12,  39,  96,  94,  28,  11,  43,  87,  81,  29,   5,  19,  13,  11,  92,  11,  18,  98,  39,   5,  39,  42,  46,  71,  73,  10,
    59,   7,  77,  75, 118,  50,  44,  53,  29,  37,  84,  85,  40,  34,  39,  90,  11,  56,  24,  24,  86,  64,  62,  66,  10,  63,
    79,  62,  12,  62,  35,  70,  31,  46,  33,  14, 110,  69,  20,  97,  60,  15,  46,  65,  18,  54,  29,  90,  30, 112,  45,  38,
   150,  96,  12,   6,  64,  21,  28,   6,  78,  21,  74,  76,  33,  18,  35,  97,  57,  94,  17,  68,  53,  49,  14,  65,  86,  33,
    63,  48,  13,   8,  15,  42,  32,  30,  84,  52,  24,  10,  46,   7, 102,  66,  27,  84,  15,  14,  35,  61,  41,  93,  30,  66,
    84,  65,  45,  25,  67,  53]
R=[[12, 29,  7, 11, 38, 22, 35,  5, 44, 40, 44, 18, 33, 24, 21, 35, 33, 43, 47,  7, 39, 41, 36, 20,  5, 10, 22, 16,  7, 40, 35, 47, 11,  8,
    21, 18, 22, 19, 42, 46, 41, 24, 21,  5, 35, 25, 24, 20, 17, 29, 19, 24,  6, 10, 41, 26, 32, 28, 13, 43, 13, 35, 26, 44, 13, 35, 11, 22,
    19, 37, 35, 12,  7, 14, 13, 31, 38,  9, 37, 36, 10, 32, 36, 25, 34, 12, 32, 47, 40, 40, 18,  5, 13, 28, 44, 35, 47, 21, 26, 30, 12, 10,
    26, 18, 10, 29, 45, 24, 13, 19, 45, 46,  9, 38, 43, 31, 47, 23, 19, 38, 29, 21, 16, 40, 31, 23, 44, 24, 37, 20, 10, 21, 29, 35,  6, 30,
    13, 14, 46, 45, 24, 10, 19, 35, 44,  6, 30, 39, 47, 14, 10, 38, 19, 47, 31, 27, 13, 28, 47, 25, 22, 21, 39, 33, 35, 16, 37,  5, 28, 45,
    34, 25,  7, 13, 32, 39, 26, 31, 18, 26, 26, 34, 40, 12, 10, 13,  6, 39, 29, 28, 25, 37, 32, 11, 32,  5, 38, 42, 46, 12, 45, 16,  9, 46,
    45, 13, 25, 37,  5, 27,  8, 39, 25, 45, 35, 14, 15, 19, 46, 15, 45, 40, 23, 43, 12, 19, 18, 38, 15, 27, 45, 42,  7, 25, 27, 30,  6, 35,
    20, 22,  6, 24, 10, 12, 28, 40, 43, 10,  5, 31, 37,  9, 24, 16, 25, 18, 30, 25, 33,  5,  9, 43, 32,  7, 28, 36, 13, 19, 16, 46, 18, 29,
    29, 32, 25, 35, 26, 42, 29, 27, 22, 35, 26, 19, 40, 46, 42, 29, 10, 24, 29, 11, 16, 38, 13, 14, 11, 29, 25, 28, 23, 36, 12, 32, 39, 21,
    11, 23,  8, 37, 46, 20, 37, 30, 25, 36, 12, 41, 21, 27, 27, 47, 19, 41, 38, 23, 42, 40, 10,  9, 14, 35, 11, 42, 40, 41,  7, 16, 40, 13,
    18, 38, 27,  7,  8, 46, 17, 26, 26, 38, 35,  5, 41, 32, 11, 13, 26, 45, 38, 34, 26, 10, 27, 12, 22, 18, 40, 45, 43, 25, 15, 37, 35, 20,
    18, 11, 45, 19, 31, 47, 47, 47, 33, 35, 33, 39, 31, 30, 31, 31, 19,  7,  7,  9, 23, 21,  7, 20, 34, 27, 41, 43, 20, 17,  9, 38, 44,  5,
    27, 17, 37, 12, 12, 28, 39, 34, 38, 24, 36, 42,  7, 20, 42, 13, 10, 37, 27, 23, 37, 27, 28, 25, 22, 47, 41, 39, 39, 10, 17, 33, 13, 44,
    22, 20, 16, 11, 21, 26, 38, 39, 47, 42, 40, 19, 42, 10, 14, 26,  6, 35, 32, 40, 45, 10, 19, 29, 29, 24, 15, 33,  8, 34, 41, 15, 44, 13,
    45, 17, 31, 33, 11, 45, 39, 36, 22, 42,  9, 41, 40,  6, 11,  8, 25, 24, 25, 44, 35, 37, 32, 45],
   [14, 18,  7, 46, 18, 13, 45,  7, 24, 30,  9, 42, 48, 48, 18, 32, 35, 32, 26, 25, 20, 35, 36, 17, 26, 17, 12, 17,  9, 29, 48, 44, 20, 41,
     6,  9, 44, 13, 29, 15, 12, 41,  8, 10, 37, 24, 38,  9, 17, 41, 32, 31, 29, 38, 47, 43, 34, 29, 28, 30, 37, 28, 26, 38, 41,  9, 44, 45,
    31, 24, 33, 48, 37, 24, 34, 46, 24, 18, 37, 28, 42, 33,  6, 25,  7, 20, 48, 42, 22, 13, 31, 12, 13, 32, 13, 32, 46, 48, 12, 17, 23, 37,
    23, 32, 16, 12, 39, 16, 27,  8, 43, 43, 41, 42, 40, 30, 16, 28,  9, 16, 12, 12, 31, 20, 35, 33,  9, 46, 16,  9, 30,  9,  8, 18, 42, 43,
    46,  7, 12, 13, 24, 18, 48, 47,  7, 29, 38, 22, 27, 27, 23, 13, 18, 12,  9, 29, 41, 48,  7, 17, 41, 30, 36, 31, 45, 45, 46, 13, 38, 22,
    45, 17,  9, 26, 38, 42, 25, 44, 15, 36, 37, 26, 43, 30, 39, 21, 45, 35, 48, 38, 33, 39, 21, 11, 34, 47, 13, 33, 32,  7, 22, 42, 44, 13,
    31, 26, 37, 46, 37, 46, 15, 17, 29, 23,  8, 24, 18, 10, 35,  6, 20, 16, 32, 35, 36, 40, 11, 40, 30, 35,  7, 37, 27, 36, 15, 16, 15, 48,
    18, 12, 19, 31, 42, 47, 27, 45, 48, 21, 21, 44, 40, 10,  6, 10, 46, 30, 22, 24, 24, 33, 31, 28, 38,  8, 32, 19, 15,  8, 29, 36, 45, 20,
    36, 39, 41, 36, 22, 30, 33, 39, 23, 35, 46, 30, 42,  8, 12, 35, 45, 25, 22, 22, 29,  9, 35, 32, 27, 27, 39, 11, 37, 20, 47, 26, 32, 22,
     6, 15, 45, 33, 14, 35, 15, 44, 17, 35, 43, 22, 42, 19, 14, 14, 44, 33, 37, 26, 24, 35, 28, 11, 12, 44, 21, 25, 14, 46, 44, 17, 21, 44,
    41, 29, 30, 40, 13, 38, 41, 41,  8,  6, 20,  9, 43, 23, 30, 25, 43, 11, 33, 41, 31, 33, 38, 11, 33, 48,  7, 21, 30, 48, 39, 14, 46, 34,
     8, 11, 37, 15, 34, 12, 17, 19, 19, 18, 34, 32, 44, 20, 36, 10, 32, 39, 26, 46, 14, 22, 29, 21, 44, 38, 46, 19, 10, 30, 40, 15, 25, 29,
    22,  8, 32, 23, 40, 45, 43, 39, 30, 32,  7, 39, 29, 35, 45, 37, 23, 40, 44, 18, 19, 12, 40, 11, 11, 10,  9, 11, 36, 10,  9, 40, 47, 34,
    14, 24, 33, 19, 33, 14, 30, 31, 14, 30, 40, 14, 30, 35, 46, 29, 47, 12, 13, 26, 33, 46, 12,  7, 21, 34, 16, 34,  8, 37, 33, 45, 39, 18,
    15, 36, 31,  8, 40, 30, 10, 48, 13, 39,  7, 18, 18, 23, 29, 34, 30, 9, 46, 12, 48, 14, 28, 21],
   [36, 30, 47, 34, 46, 30, 11, 18, 13, 42, 19, 14, 27, 18, 37, 25, 25, 33, 35, 30, 16, 40, 19, 21, 35, 12, 29, 24, 31, 36, 44, 32, 24, 35,
    14, 39, 15, 24, 26, 30, 19, 10, 33, 14, 46,  9, 31, 23,  8, 15, 23, 32, 38, 40, 24, 26, 24, 39, 40, 26, 19, 39, 44, 48, 32, 39, 13, 24,
    37, 40,  9,  9, 24, 45, 47, 20, 40, 21, 12, 16, 45, 31, 45, 12, 31, 24, 20, 45, 47, 48, 42,  7, 31, 13, 37, 44, 19, 41, 46, 13, 11, 46,
    14, 42, 23, 13, 16, 48, 24, 13, 37, 27, 37, 12, 31, 29, 29, 15, 32, 40, 36, 19, 35, 13, 17, 32, 19, 31, 45, 45, 28, 12, 33, 45, 47, 22,
    31, 26, 47, 12, 32, 13, 10, 20, 12, 28, 45, 18, 29, 45, 32, 11,  8, 39, 38, 42, 15, 20, 30, 45, 39, 38, 26, 46, 41, 45,  8, 21, 38, 13,
    22, 27, 11, 34, 22, 38, 23, 10, 24,  8, 45, 29, 31, 14, 20, 43, 43, 30, 40, 12, 20, 19, 25, 30, 48, 34, 33, 42, 12, 23, 35, 30, 31, 35,
     9, 13, 26, 12, 12, 16, 27, 29, 38, 14, 39, 22, 34, 39, 42, 10, 16, 35, 25, 21, 42, 24, 47, 37, 13, 18, 27, 11, 20, 22, 35, 14, 23, 19,
     9, 11, 42, 42, 34, 14, 20,  7, 39, 19, 39, 33, 34, 28, 44, 46, 39,  8, 41, 12, 40, 35, 31, 21, 33, 24, 35, 36, 39, 25, 30, 40, 36, 36,
    37, 36, 29, 25,  8, 33, 45, 34, 43, 21, 37, 26, 33, 21, 12, 32, 27, 42, 28, 36, 47, 43, 48, 12, 46, 18, 17, 41, 41, 33, 10, 16, 27, 28,
    41, 32, 28, 14,  9, 30, 16, 30, 45, 12, 21, 22, 12, 29, 37, 22, 18, 27, 46, 41, 13, 22, 17, 12, 27, 10, 19, 27, 24, 31, 43, 24, 43, 34,
    36, 17, 13, 20, 39, 13, 11, 48, 29, 16, 35, 37, 21, 48, 38,  7, 26, 30, 23, 41, 28, 31, 12, 38, 35, 44, 47,  7, 44, 28, 47, 36,  9, 33,
    25, 25, 29, 32, 34, 15, 34, 45, 29, 48, 33, 39, 39, 45, 21,  7, 41,  8, 30, 35, 45, 26, 33, 11, 32, 18, 25, 24, 13, 34,  9, 45, 42, 24,
    36, 18, 26, 42, 11, 48, 12, 42, 24, 31,  7, 32, 46, 16, 33, 47,  9, 32, 21, 25, 12,  8, 22, 32, 32, 24, 12, 19, 15,  9, 17,  7, 33, 15,
    29, 25, 39, 13, 43, 28, 46, 44, 45, 19,  8,  7, 42, 44, 21, 10, 47, 15, 41, 29, 24, 17, 17, 21, 23, 13, 26, 26, 18, 26, 35, 24, 14, 30,
    40, 38, 21, 47, 31, 26, 45, 14, 27, 33, 34, 42, 13, 48, 46, 35, 45, 36, 34, 43, 18, 41, 40, 32],
   [36, 58, 24, 46, 24, 33, 18, 26, 28, 49, 24, 29, 41, 18, 15, 40, 26, 25, 51, 56, 15, 19, 13, 50, 40, 40, 57, 24, 30, 45, 56, 52, 44, 45,
    15, 31, 29, 12, 51, 35, 20, 14, 50, 36, 32, 28, 53, 55, 32, 41, 39, 23, 41, 37, 45, 13, 31, 27, 32, 57, 51, 10, 43, 26, 39, 50, 40, 22,
    48, 20, 30, 21, 41, 55, 17, 30, 54, 57, 15, 50, 13, 58, 11, 17, 57, 43, 17, 43, 13, 10, 18, 54, 32, 58, 16, 34, 47, 16, 10, 26, 51, 19,
    49, 28, 17, 39, 48, 51, 42, 38, 23, 43, 50, 16, 10, 45, 11, 34, 10, 43, 42, 26, 22, 13, 21, 23, 11, 56, 56, 33, 22, 19, 22, 15, 58, 15,
    34, 33, 43, 43, 11, 43, 54, 27, 26, 51, 27, 36, 14, 57, 47, 49, 38, 22, 53, 44, 56, 47, 11, 57, 58, 16, 41, 43, 44, 31, 43, 22, 32, 37,
    25, 25, 51, 20, 14, 20, 33, 12, 39, 51, 49, 58, 44, 48, 40, 29, 38, 33, 49, 18, 47, 21, 26, 48, 13, 48, 50, 29, 31, 56, 39, 43, 11, 34,
    38, 55, 43, 25, 17, 25, 31, 40, 15, 36, 32, 32, 21, 40, 13, 45, 30, 24, 35, 12, 23, 33, 15, 58, 57, 35, 43, 51, 48, 45, 38, 21, 31, 51,
    43, 54, 40, 55, 13, 56, 28, 58, 22, 19, 30, 30, 51, 27, 32, 40, 20, 17, 30, 34, 40, 27, 45, 18, 37, 31, 56, 49, 18, 29, 44, 19, 50, 47,
    43, 41, 52, 27, 11, 43, 56, 16, 48, 55, 47, 44, 16, 43, 18, 14, 30, 34, 47, 43, 28, 54, 10, 35, 42, 22, 48, 20, 20, 31, 21, 21, 26, 34,
    55, 42, 40, 30, 38, 26, 17, 42, 10, 25, 29, 35, 48, 15, 42, 31, 39, 32, 29, 55, 18, 41, 41, 19, 25, 33, 36, 52, 58, 30, 41, 54, 29, 32,
    11, 42, 22, 54, 15, 11, 50, 17, 23, 17, 44, 38, 42, 28, 21, 40, 10, 42, 30, 14, 18, 33, 17, 50, 30, 53, 42, 45, 23, 22, 50, 43, 17, 52,
    35, 44, 32, 32, 44, 45, 55, 43, 20, 29, 40, 48, 30, 42, 24, 25, 30, 49, 53, 55, 38, 50, 57, 23, 28, 23, 28, 31, 55, 25, 35, 20, 20, 25,
    31, 22, 28, 57, 12, 26, 29, 45, 19, 23, 36, 55, 29, 19, 43, 14, 41, 19, 29, 53, 26, 25, 16, 12, 25, 12, 55, 40, 15, 24, 40, 38, 21, 35,
    51, 46, 40, 28, 32, 15, 30, 10, 40, 24, 26, 28, 49, 57, 24, 46, 34, 26, 49, 58, 39, 38, 30, 46, 57, 50, 40, 33, 49, 44, 16, 53, 57, 25,
    30, 49, 13, 58, 46, 57, 50, 40, 33, 26, 26, 49, 25, 26, 39, 15, 26, 36, 40, 26, 14, 18, 32, 38],
   [35,  6,  6, 42, 14, 30,  5, 30, 21, 10,  5, 28, 44, 21, 11,  7, 39, 40, 46, 34, 30, 14, 26, 17, 40, 36, 28, 14, 20, 22, 40, 44, 16, 15,
    25, 23, 22, 24, 10, 45,  6, 35, 20,  8,  5,  4, 15, 38, 35, 16, 31, 16, 27, 30, 19,  5, 11, 11, 28,  6, 43,  5, 25, 32, 43, 44, 44, 27,
    43, 32, 21, 15, 30, 35, 25, 14, 21, 14, 17, 35, 14, 18, 36, 29,  7,  5, 45, 33, 40, 45, 25, 31, 25,  4, 19, 44,  8, 44, 22, 25, 10,  9,
    13, 31,  3, 37, 41, 37, 43, 24, 45, 22, 13, 32, 39,  7, 11, 35, 29, 10, 35, 39, 40, 27, 43, 16, 18, 12, 24, 43, 30, 43, 41, 46, 28, 33,
    37, 15, 46, 45, 26, 20, 25, 13, 19, 35, 32, 16, 30, 26, 21, 12, 43,  7, 44, 18, 23, 45, 27, 31,  9, 41, 43, 30, 43,  3, 22, 46, 29,  5,
    25,  7, 43, 44, 20, 40, 38, 42, 27, 14, 27,  8, 44, 46, 18, 18, 30, 42,  8, 11, 32,  4, 10, 45, 25, 34, 30, 13, 17, 41, 18, 44, 42, 10,
    34, 18, 43, 17, 46, 34, 17, 11, 28, 30, 34,  5, 32, 23, 10, 24,  9, 39, 23, 23, 42,  7, 16, 32, 41, 18, 17, 25, 39,  3, 26, 11, 17, 30,
    21, 40,  7, 33, 27,  5, 13, 21, 35, 12, 25,  6, 42, 25, 20, 31, 33, 27, 46, 39, 46, 36, 41, 43, 22, 39, 13, 23,  5, 19, 16, 16, 10, 29,
    35, 16, 41, 22, 36, 34, 14, 21, 21, 40, 13, 20, 39, 15, 34, 26,  8, 12,  7, 20, 21,  7, 32, 14, 14, 11,  5, 25,  4, 14, 26, 29, 17,  7,
    34, 35, 21, 27, 21, 10, 38, 20, 33, 10,  5, 18,  3, 22, 16, 36, 25, 11, 42, 20, 21, 30, 39, 22,  4,  3, 12,  5, 31, 42,  8, 13, 13, 28,
    11, 20,  6, 43, 31, 16,  9, 34, 19, 30, 10, 26, 17, 39, 37, 44, 33, 28, 32, 10, 32, 14, 20, 16, 39, 19,  7, 29, 39, 45, 23, 46, 25, 15,
    29, 13, 23, 43, 39, 16, 44, 23,  4, 44, 41, 46, 17, 21, 26, 32,  8,  8,  5, 29, 45, 34, 35, 22, 35, 21, 34,  3, 44, 18,  4, 19, 35, 44,
    20, 22, 37,  8, 36, 37, 23,  3, 35, 44, 10,  7, 16, 16, 42, 36, 44, 41, 29,  6, 11, 33, 36, 46, 23, 26, 28, 44, 45,  8, 14, 15, 15, 10,
    39, 20,  4, 33, 33, 38, 35,  8, 42, 17, 11, 32,  6, 46, 18, 26, 20, 18, 41, 24, 42, 21,  4, 42, 21, 21, 22, 39,  4, 40, 33, 29,  9, 35,
    39, 32,  4, 10, 39, 13, 15, 43, 28, 19, 19, 11, 14, 22, 45,  7, 19, 18, 39, 11, 27, 45, 16,  6],
   [43,  8, 16, 40, 31, 41, 30, 44, 30, 43,  7, 40, 28, 12, 42, 25, 32, 43, 20, 14, 13, 12, 43, 14, 33, 50, 41, 18, 35, 25, 49, 16, 28, 12,
    27, 29, 47, 14, 44, 48, 46, 23, 51, 24, 22, 14, 16, 36, 37, 23, 14, 21, 24, 15, 17, 25, 16, 14, 44, 22, 23, 20, 27, 40, 48, 27, 42, 12,
    42, 50, 23, 38,  8, 13, 41, 19, 31, 36,  9, 41,  7, 43, 11,  7, 40, 49,  7, 34, 26, 25, 27, 14, 18, 50, 34, 29, 43, 13, 45, 41, 34, 42,
     9,  8, 43, 48, 48, 48, 41, 35, 38, 21, 29, 11,  7, 33, 31, 19, 21, 51, 21, 50, 46,  9, 40, 10, 40, 13, 38, 42, 43, 32, 24, 32, 34, 46,
    33,  8, 46, 16, 10, 31, 36, 42, 32, 10, 45, 18, 47, 27, 26, 15, 41, 30, 25, 42, 46,  9, 43, 35, 44, 19, 32, 28, 17, 39, 39, 23, 46, 25,
    25, 13, 31,  9, 23, 15, 50, 23, 42, 24, 38, 11, 24, 32, 23, 18, 47, 51, 51,  8, 33, 16, 45, 42, 17, 42, 25, 51, 44, 27, 46, 47, 12, 12,
    19, 29, 41, 27, 38, 33, 14, 40, 31, 33,  8, 30, 39, 12, 33, 17, 49, 46, 37, 33, 16, 42, 33, 29, 16, 13,  8, 16, 30, 39, 35, 33, 23, 39,
    31,  8, 25, 17, 44, 11, 12, 26, 40, 16, 36, 48, 31, 17, 39, 19,  8,  8, 36, 39,  9, 45, 42, 48, 11, 27, 33,  8, 31,  8, 13, 19, 41, 31,
    35, 19, 25, 43, 28, 20, 23,  9, 43, 34, 41, 46, 23,  8, 19, 41, 41, 30, 18, 14, 32, 31, 45, 28, 43, 28,  9, 46, 45, 42, 15, 35, 18, 45,
    12, 25, 34, 38, 13, 37, 40,  7, 47, 23, 20,  7, 47, 42, 34, 29,  9, 17, 45,  7, 50, 12, 26, 13, 42, 34,  7,  9, 39, 34, 50,  7, 24, 50,
     7, 18, 22, 28, 23, 45, 34, 30, 51, 37, 38, 44, 41, 45, 31, 31, 21,  9, 12, 40, 36,  7, 42, 48, 11, 24, 28, 32, 39, 25, 23, 29, 40, 43,
    49, 34, 26, 13, 37,  8, 19, 50, 35, 49, 21, 44, 41, 48, 19, 14, 41, 46, 26, 39, 20, 36, 47, 26, 49, 43, 32, 32, 23, 48,  9, 30, 30, 11,
    25, 47, 43, 47, 14, 48, 27, 24, 23,  8, 10, 49, 30, 26, 44, 32, 23, 46, 37, 22, 43, 20, 20, 41,  9,  9, 37, 43, 44, 28, 31, 43, 23, 18,
    31, 21, 13, 44, 50, 21, 19, 19, 12, 32, 45, 30, 18, 42, 31, 13, 48, 49, 22, 27, 32, 49, 25, 10, 40, 26, 23, 32, 25, 35, 13, 32, 25, 51,
    51, 50, 38,  7, 49, 33, 34, 49, 23, 31, 30, 32, 12, 11, 43,  8, 46, 37, 42, 51, 32, 43, 37, 48],
   [49, 44, 24, 41, 41, 12, 25, 44, 23, 26,  4, 28, 35, 30, 38, 49, 30, 12, 35, 13, 34, 51,  9, 27, 36, 10, 29, 12, 20, 29,  4, 33,  9, 24,
    29, 31, 44, 44, 43, 26, 35, 27, 45, 43, 25, 26, 24, 37, 32, 46, 45, 50, 23,  5, 19,  4, 34, 50,  7, 24,  7, 42, 39, 25, 29,  5, 27, 11,
    25, 30, 18, 17, 31, 38,  5, 16, 11, 35, 24, 44, 46, 49, 10,  8, 20, 49, 19, 31, 38, 31, 35,  4,  5, 20, 25,  4, 18,  7, 32, 28,  8, 36,
    45, 38,  7, 43, 39, 28, 44, 19, 41, 51, 29,  6, 27, 10,  7, 10, 16, 41, 27,  7, 45, 31, 16, 19, 35, 12, 22,  5, 27, 47, 43, 20,  5, 16,
    23, 26,  6, 25, 11, 24, 15, 12, 11, 40, 51, 33, 23, 19, 41, 29, 50, 30, 43, 41,  4, 26, 26, 50,  8, 48,  9,  6, 49, 11, 14, 44, 45, 34,
    14, 41, 30, 51, 13, 49, 50, 24,  4, 34, 18, 39, 18, 30, 22,  7, 42, 30, 14, 28,  6, 31,  8, 16, 44, 36, 18, 30, 32, 40, 20,  9, 23, 38,
    17, 20, 44,  7, 35, 10, 14, 11,  6, 16, 15, 14, 41, 19, 27,  5, 33, 48, 24, 41, 46, 48, 19, 35, 12, 45, 38, 35, 40, 46, 50,  8, 47, 13,
    26, 40,  7, 10, 12, 27, 42, 25, 41, 19, 37, 33, 35, 51, 11, 20, 41, 39, 12, 15, 50, 33, 50,  9, 32,  8,  5, 37, 14, 14, 33, 27, 39, 46,
    46, 44, 21, 19, 42, 35, 24,  8, 15, 32, 49, 37, 46, 39, 17, 25, 27, 21, 39, 48, 36, 45, 21, 38, 13,  7, 18,  7, 36, 40, 42, 40, 14,  4,
    39, 10, 11, 12,  4, 44, 14,  8, 21, 42, 11,  8, 44, 28, 51, 20, 38, 29, 12, 46, 45, 14, 29, 15, 49, 25, 27, 46, 26, 26, 38, 39,  4, 40,
    12, 15, 18, 49,  4,  7, 14, 35, 39, 33, 51, 40, 35, 38, 26, 39,  6, 42, 48, 40, 42, 31, 50, 26, 30, 26, 32, 37,  7, 31, 42, 45, 11, 51,
    35, 30, 36,  9, 36,  9, 25, 42, 34,  6, 36, 18, 44, 12, 41, 22, 33, 21, 46, 38, 24, 47, 25, 11,  5, 28,  9, 46, 18, 12, 24, 18, 28, 38,
    30, 26, 48, 26, 35, 21,  9, 45, 26,  6, 26, 16, 48,  5, 24,  7, 18, 46, 39, 34, 41, 16, 25, 11, 25, 40, 46, 27, 21, 12,  5,  8,  6, 36,
    32, 47, 12, 51, 13, 39, 39,  7, 31, 16, 38, 48, 23,  7, 14, 28, 45, 50, 38,  6, 50,  7,  9, 45, 35, 18, 49, 38, 42, 40, 18, 14, 42, 39,
    37, 19, 19, 15, 20, 22, 44, 48, 15, 43, 36, 10, 12, 21, 43, 34, 15, 22, 32,  4, 26, 10,  6, 28],
   [30, 37, 35, 11, 33, 19, 17, 16, 27,  8, 37, 31, 10, 40, 23, 13, 22, 40,  9, 34, 34, 25, 30, 10, 12, 30, 21, 10, 16, 17, 42, 12, 34, 40,
    38, 42, 22, 16, 30,  8, 13, 42, 30, 41, 15, 19, 37, 16, 21, 20, 35, 29, 41, 24, 15, 15, 15, 12, 38, 23, 13, 33, 37, 24, 14, 14, 31, 43,
    42, 30, 13, 22, 38, 36, 12, 41, 21, 16, 42, 40, 43, 29, 41, 12,  8,  9, 20,  8, 10, 21, 31, 34, 30, 32, 44, 25, 43, 11, 16, 11, 11, 27,
    26, 32, 10,  9, 41, 33, 38, 25, 22, 10, 17, 31, 31, 15, 36, 14, 21, 39,  7, 16, 42, 20, 42, 20, 12, 22, 20, 15, 14, 21, 42, 41, 13, 11,
    39, 29,  7,  7, 44, 17,  7, 35, 40, 36, 36, 36, 29, 13, 41,  9,  9, 18, 17, 26, 32, 18, 10, 29, 12, 35, 31, 19, 17, 31, 27, 35,  9, 24,
    34, 13, 29, 25, 43, 26, 25,  9, 24, 23, 22, 14, 39,  8, 43, 36, 39, 11, 21,  9,  9, 39, 23, 33,  8, 35, 43, 14, 25, 28, 34, 25, 26, 27,
    40, 22, 25, 42, 41, 12, 11, 20, 26, 42, 32, 36, 17, 38, 15, 42, 36, 22, 32, 17, 41, 41, 17, 37, 21, 19, 19, 31, 17, 13, 16, 37, 14, 13,
    34, 26, 22, 24, 42, 44, 43, 15, 22, 22, 36, 22, 25, 34, 26, 14, 15, 19, 17, 17, 34, 43, 44, 32, 11, 26, 34, 38, 30, 28, 30, 39, 29, 21,
    21, 36, 35, 35, 11, 27, 43, 32, 12, 19, 30, 26, 25, 16, 18, 22, 31, 29, 42, 12, 23, 30, 40, 19, 12, 13, 42, 20, 29,  9,  9,  7, 39, 15,
    18, 30, 39, 13, 13, 35, 37, 20, 30, 13, 23, 32, 43, 32, 33, 40, 25, 14, 19, 44, 13, 31, 43, 38, 38, 43, 36, 30, 20, 20, 27, 29, 13, 35,
    25, 17, 29, 31, 42,  8,  8, 22,  9, 42, 36, 11, 36, 27, 13,  7, 24, 30, 18, 18, 28, 30, 29, 28, 37, 29, 19, 16, 22, 24, 34, 16, 38, 10,
    24, 20, 27, 19,  8, 13, 10, 29, 41, 43, 28, 37, 44, 22, 13, 11, 20, 14, 26,  8, 35, 40, 43, 11, 27, 14, 18, 27, 18, 18, 35, 11,  7, 39,
    12, 37, 20, 28,  9, 29, 37, 28, 13, 27, 20, 30, 27, 10, 13, 30, 37, 30, 10, 44, 42, 29,  8, 35, 13, 32, 38, 14, 22, 27, 38, 24, 12, 19,
    12, 25, 26, 31, 29, 17, 32, 13, 44,  8, 24, 17, 32, 14, 44, 20, 44, 21, 21, 26, 19,  7, 22, 41, 30, 17, 13, 34, 23, 34, 19, 18, 23, 18,
    39, 23, 36, 27, 10, 33, 33, 16, 33, 42, 11, 40, 41, 35, 33, 13, 21, 13, 41, 10, 41, 18, 43, 22],
   [27,  4, 34, 35,  4, 20, 44, 40, 23, 28,  7, 30, 14, 49, 16, 47, 13, 23, 25, 11, 28, 28, 19, 23,  7, 13,  5, 25, 39, 21, 31, 44, 45, 16,
    30,  5, 46, 34, 28, 36, 48, 34, 49, 51, 10, 13, 40, 44, 40, 33, 16, 18, 11, 37, 25, 38, 27,  7, 16, 46, 29, 50, 43, 11, 25, 18, 41,  7,
    27,  7, 16, 16, 13,  9, 45, 41, 34,  3, 18, 30, 44, 25, 36,  8,  5, 45, 22, 26, 10, 43,  5,  9, 42, 18, 48, 10, 14, 25, 48,  8,  5, 20,
    15, 12, 20, 42, 43, 23, 35, 17, 37, 31, 22, 26, 37,  8, 15, 10, 49, 38, 29, 43, 37, 23,  3, 42, 50, 26, 24, 29, 19, 12, 24,  4, 26, 25,
    29, 38, 10, 14, 42, 17,  5, 16, 45, 17, 45, 12, 21, 23, 30, 17,  9,  9, 28, 29, 19, 12, 19, 17, 36, 48, 35, 46,  9, 14, 28, 46, 36, 42,
    39, 49, 30, 10, 42,  9, 46, 18, 16, 31, 37,  7, 40, 43, 24, 31, 40, 10, 38, 45, 24, 23,  9, 20, 16,  7, 42,  3,  6, 42, 39, 34, 30,  7,
    44, 32, 28, 23, 19, 46, 49, 35, 40, 21,  7,  6, 50, 36, 34, 17, 39, 34, 16, 12, 21, 19, 44, 41, 17,  8, 30, 31, 15, 36,  6, 42, 14, 19,
     9,  6, 20,  5,  7,  6, 42, 21, 40, 46, 24, 38, 48, 14, 10, 47, 22, 10, 22,  5, 50, 11, 43, 34, 41, 44, 37, 22, 12, 18, 26, 51, 43, 26,
    22,  8, 47, 48, 36, 34, 39, 51, 13, 49, 43,  8, 24, 23, 21, 22, 34, 38, 27,  5, 44, 21, 15, 17, 13, 50, 40, 21, 42, 16, 47, 35, 33, 19,
    30, 20, 27, 16, 25,  9, 38, 43, 11, 40, 12, 11, 10,  6, 32, 18, 33, 47,  3, 20, 37, 41, 51, 35, 41, 11,  6, 37, 20, 38, 46, 21, 12, 22,
    34, 42,  8, 38, 43, 32, 23, 50,  9, 34, 25, 37, 37, 31, 48, 13, 21, 38, 12, 42, 43,  7,  8, 32, 32, 42, 24, 26, 10, 14, 20,  7, 18, 12,
    30, 29, 32, 12, 31, 36, 22,  5, 48, 49, 38, 26, 20, 32, 26, 37,  4, 14, 36, 34, 26, 26,  5, 23, 47, 20,  8, 14, 31, 36, 18, 15, 38, 43,
    23, 20, 26, 30, 38, 27,  4, 37, 21, 37, 47, 36,  3, 11, 11, 42, 23, 39, 34, 35, 14, 27, 31,  9, 26, 32, 26, 48, 49, 51,  4, 30, 27, 31,
    50, 34,  9, 28, 16, 13, 21,  7, 27, 20,  9, 35,  8, 25, 17,  3, 23, 50, 48, 27, 17, 22, 23, 31, 16, 38, 11, 51, 47, 37, 49, 13, 31, 20,
    18, 36, 44, 32, 23,  5, 29,  8, 13, 43,  6, 12, 23,  5, 28, 45, 22, 43,  6, 32, 45,  7, 22, 43],
   [34, 32,  8, 13, 21, 20, 26, 38, 25, 31,  5, 20, 36, 41, 36, 22, 11, 22, 21, 18, 20, 12, 13, 31, 22,  9, 11, 13,  8, 14, 22, 11, 39, 24,
    24, 12, 27, 19, 10, 29, 19, 24, 21, 13, 32, 33, 12, 16, 15, 28, 41, 41, 27,  7,  8, 22, 20, 15, 29, 17, 19, 32, 24, 39, 26, 28, 31,  8,
    15, 25, 39, 30, 14, 14, 27,  5, 10, 33, 16, 18, 36, 35, 30, 17, 34,  6, 21, 27, 37,  8, 33, 26, 23, 37,  9, 38,  8, 19, 16, 31, 32, 33,
    34, 25, 19, 13, 41, 21, 11, 24, 22, 11, 25, 24, 38,  6, 41, 29,  8, 34, 29, 36, 19, 32, 21,  8, 26, 34, 40, 22, 20, 19, 41, 15, 23, 17,
     6, 33,  9, 38, 28, 13, 26, 23,  6, 22, 13, 38, 18, 17,  5, 18, 41, 25, 16, 41,  9, 12,  8,  5, 17, 19, 37, 12, 12, 11, 15, 31, 28, 16,
     7, 36, 20, 40, 41, 38, 26, 16, 41, 31, 12, 33, 15,  9, 19, 36, 36, 25, 27, 25, 35, 11, 32, 21, 37, 32, 20, 21,  6,  7, 31, 20, 27, 17,
    27, 29, 41, 32, 38, 37, 11, 25, 30, 26, 39, 26,  5, 40, 33, 22, 34, 15, 41, 24, 25, 12, 15, 18, 34, 33, 15, 12, 34, 41,  9, 33,  9,  6,
    18, 25, 38, 13, 22, 34,  7, 39, 27, 36, 20, 21, 41, 13,  8, 24, 35, 20,  8, 37, 31, 32,  7, 11,  9, 27, 33, 22, 16,  9,  5, 37, 18, 24,
    34, 27, 33, 37,  8,  7, 40, 31, 26, 12, 31,  7, 17, 19, 14, 19, 21, 14, 28,  7, 31, 34, 40, 15,  7, 28, 35, 10,  7, 18, 32, 20, 39, 18,
     7, 30, 36,  8, 10, 23, 40, 35,  7, 38, 12, 12, 31, 20, 40, 35, 10,  9, 38, 26, 35, 20, 28,  8, 12, 13, 10, 16, 40, 37, 15, 19, 34, 32,
    39, 29,  8, 14, 20, 25,  6, 38, 19, 20, 22, 10, 35, 34, 18, 18, 22, 13,  5,  7,  5, 28, 37, 12, 16, 40,  5, 32, 27, 33, 10, 37, 12, 26,
    10,  8, 26, 15, 11, 22, 20, 21, 15, 10,  5, 31, 13, 14, 16, 19, 17, 24, 33, 32, 30, 18, 31, 27, 37,  6,  7, 35, 24, 35, 16, 13, 40,  5,
    17, 20, 25, 34, 37, 33, 36,  9, 21, 14,  8, 10, 39, 12,  6, 15, 11, 14, 28, 30, 34, 40, 36, 27, 38, 38, 35, 26, 21, 21, 17,  9, 14, 31,
    24, 27, 41, 16, 39, 21, 14, 12,  6, 30, 19, 32, 28, 12, 31, 31, 23, 36,  9, 10, 33, 23, 32, 19, 32, 37, 35, 14, 14,  7, 11, 37,  5, 20,
    26, 41, 26,  8, 19, 28, 33, 21, 32, 13,  9, 40, 13, 34, 25, 21, 25, 39, 26, 38, 20, 30, 13, 34],
   [14, 32, 40, 35, 30, 39, 46, 24, 16, 47, 40, 14,  7, 45, 19, 13, 27, 27, 40, 46, 21, 39, 38, 12, 35,  3, 37, 21, 32, 30, 36,  9, 10, 14,
    10, 21, 16, 32, 43,  6, 10, 47, 46, 46, 20, 20, 43, 43, 40,  5, 28,  3, 38, 20, 35, 35, 23, 36, 46, 45, 31, 17, 11, 17, 42, 30, 17, 18,
    31, 13, 44, 30, 18, 28,  7, 39, 41,  9, 13, 14,  6, 11, 10, 13, 39, 30,  3, 21,  9, 19, 21, 27, 29,  4, 45,  6, 25, 25, 16, 24, 18, 28,
    47,  4, 13,  9, 23, 47, 46, 34,  4,  7, 27, 21, 35, 47, 18, 16,  8, 36,  8,  9, 42, 25, 41, 40,  9, 45, 47, 35,  7, 30, 46, 12, 28, 13,
    13,  4, 38, 31, 40, 40, 12, 31, 40,  3,  4,  3, 37, 17, 32,  9, 16, 14, 23, 29, 16, 14, 37, 31, 26,  5, 41, 15, 47, 18, 33, 27, 28, 16,
    43,  4, 42, 30, 17, 25,  3, 24, 39, 17, 13, 11, 16, 22, 37, 37, 40, 11, 14, 14, 41,  7, 19, 40, 36, 31,  4, 38, 41, 38, 34, 15, 47, 20,
    38, 44, 19, 27,  5, 17, 44, 43, 27, 12,  4,  6, 40, 18, 11, 38, 44,  5, 42, 18, 35, 17, 42, 17, 42, 15, 11, 18, 19, 12, 34, 15,  7,  4,
    25, 18,  6, 45, 42, 35,  5, 21, 11, 21, 10,  7, 38, 21, 31, 47, 44, 41, 18, 16, 24, 27, 39, 43,  6, 20, 17, 28, 43,  4, 22, 41,  6, 10,
    47, 24, 23, 24, 14, 39, 21,  7, 29, 26,  6, 32, 42, 40, 12, 41,  4, 11, 35, 13,  6,  4, 27,  3, 45, 17, 27, 26,  4, 34, 10, 25, 26, 47,
    29, 23, 47, 22, 40, 22, 27, 16, 24, 20,  8, 19, 21, 46, 30, 38, 44, 19, 27, 25, 12,  6,  6, 18, 15, 24, 15, 44, 10, 37, 36, 27, 20, 14,
    43, 42, 22, 14, 38, 30, 41, 15, 28, 22,  4, 47,  5,  5,  6,  7, 43, 47, 26, 27, 25, 33, 27, 36, 14, 19, 12,  5, 17, 12,  8, 27, 25, 21,
     4,  8, 17, 46, 47, 28, 23,  8, 26, 13, 34, 38, 15, 43, 31, 41,  3, 12, 31, 37, 15, 27, 30, 45, 47, 31, 45, 27,  3, 28, 47, 23, 37, 21,
    37, 10,  4, 37, 25, 15, 18,  4, 42, 24, 26, 10, 39, 47, 23, 34,  9, 33, 11, 14, 10, 28, 17, 12, 24, 14, 12, 24, 23, 43, 35, 14, 36, 42,
    45, 32, 17, 45, 18, 35, 12,  3, 25, 16,  8, 45, 35, 12, 44, 42, 34, 11, 35, 41, 36, 27,  5, 26, 39, 32, 12, 22, 33, 47, 35, 23, 22, 33,
    37, 18, 40, 45, 43, 11, 14, 27,  5, 30, 41, 17, 16, 43, 34, 35, 21, 44, 28, 32, 34, 27, 41, 46],
   [ 7,  6, 42, 48, 23, 40, 42, 29, 15, 46, 45, 18, 32, 48, 10, 24, 12, 44, 11, 34, 21, 42, 36, 33, 26, 45, 27, 41, 27, 44, 43,  8, 47, 34,
    21,  9, 32, 11, 27, 48, 38, 42,  9, 10,  9, 22, 35, 30, 42, 34,  9, 14, 13, 20, 10, 21, 23, 31, 21, 14, 43, 26, 23, 33, 11, 39,  6, 12,
    41, 47, 18, 22, 18,  9, 20, 24, 33, 41, 47, 20, 30, 32,  9, 13, 42,  7, 36, 37, 12, 10, 34, 35, 27, 15, 46, 41, 42, 14, 12, 43, 20, 45,
    46, 43, 38, 26, 33, 20, 20, 35, 26, 43, 10, 10, 15, 13, 40, 28,  8, 18, 35, 33, 10, 20, 22, 16,  9, 47, 21, 22, 41, 23, 21, 41, 41, 28,
    28, 18, 47, 25, 25, 19, 45, 38, 47, 48, 10, 36, 16, 25, 38, 28, 14,  7,  9, 46, 19, 41, 40, 12, 40, 39, 17,  7, 22, 36, 39, 12, 36, 29,
    16, 10, 23, 41, 29, 46, 43, 13, 19, 11, 25, 18, 34, 47, 40, 12, 38, 44, 38, 36, 34, 32, 44, 36, 47, 23,  7, 43, 34, 14,  6,  7, 12, 34,
    18, 28,  9, 30, 33, 14, 41,  9, 18, 45, 23, 48, 17, 18, 36, 10, 11, 17, 24, 21, 43, 43, 11, 31, 17, 34, 47, 30, 34, 40,  7, 43,  7,  6,
    19, 41, 20, 16, 18, 16, 31, 43, 35, 34, 14, 42, 17, 12, 30, 16, 42, 34,  9, 45, 28, 20, 25, 15, 11, 13, 22, 22, 24, 11, 41, 17, 39, 46,
    39, 24, 11, 11, 19, 27, 16, 46, 16, 10, 20, 11, 41, 45, 43, 13, 40, 43, 20, 12, 22, 35, 46, 30, 32, 48, 32, 43, 43,  9, 46, 47, 31, 10,
    19, 28, 11, 22, 20, 14,  8, 20, 27, 29, 36, 40, 27, 48, 33, 45, 23, 14, 31,  6, 35,  7, 37, 13, 40, 37, 36, 39, 26, 16, 43, 39, 31, 47,
    30,  8, 43, 36, 24, 41, 39, 34, 25,  8, 12, 13, 35, 25, 43, 33, 12, 28, 30,  7, 10, 36, 34, 24, 35, 27, 14, 41, 12, 11, 42, 47, 28, 32,
     6, 28, 34, 39, 14, 45, 26, 12, 34,  7, 27, 11, 38, 27,  8,  6,  8, 11, 18, 14, 29, 47, 41, 40, 40, 20, 47, 23,  9, 30,  7, 37, 44, 27,
     7, 34, 17, 13,  8, 20,  6, 31, 45, 27, 45, 23, 37, 36,  9, 30, 11, 36, 39, 37, 23, 30, 27, 35, 45, 33, 30,  9, 15, 34, 22, 46, 16, 26,
    38, 27, 47,  6,  9, 48, 10, 17,  9, 12, 21, 22, 19, 25, 23, 43, 40, 22, 33, 26, 23, 24,  7, 39, 37, 10, 42, 42, 46, 19, 21, 39, 29, 13,
    30, 27, 18, 42, 43, 27, 16, 45, 37, 13, 41, 48, 23, 27, 27, 32, 38, 45, 35, 24, 30,  7, 38, 36],
   [41, 38, 17, 24, 17, 30, 12, 31, 44, 47, 18, 44, 41, 37, 32, 42, 35, 20, 34, 21, 38, 30, 35, 34,  9, 37, 19, 29, 20, 19, 26, 24, 32, 31,
    33, 18, 34, 41, 43, 12, 44, 45, 20, 10, 15, 38, 11, 36, 24, 28, 32, 47, 38, 37, 24, 21, 43, 42, 18, 20, 43, 21, 19, 18, 18, 36, 43, 21,
    20, 30, 39, 28, 13, 16, 34, 12, 30, 24, 46, 14, 10, 38, 39, 26, 34, 20, 20, 18, 46, 27, 42, 28, 37, 33, 13, 27, 39, 41, 26, 25, 45, 43,
    38, 32, 29, 25, 48, 41, 19, 21, 26, 25, 31, 13, 31, 33, 33, 16, 22, 24, 38, 12, 46, 21, 15, 34, 30, 20, 17, 31, 13, 21, 26, 38, 23, 47,
    36, 48, 24, 12, 22, 21, 41, 38, 10,  9, 12, 25, 19, 21, 22, 14, 47, 32, 16, 14, 40, 31, 16, 21, 33, 14, 23, 34, 38, 11, 31, 38, 39, 41,
    23, 12, 15, 46, 30, 13, 33, 18, 43, 16, 10, 16, 42, 39, 23, 41, 34, 32, 28, 25, 29, 17, 30, 15, 28, 36, 13, 46, 43, 27, 48, 25, 41, 20,
    39, 14, 14, 20, 39, 10, 19, 19, 31, 29, 48, 41, 30, 11, 12, 15, 21, 33, 30, 40, 13, 18, 26, 46, 46, 42, 19, 43, 12, 47, 34, 35, 19, 45,
    31, 20, 13, 43, 36, 20, 34, 20, 21, 21, 17, 47, 43, 34, 32, 26, 29, 18, 15, 34, 12, 24, 25, 29, 18, 41, 10, 45, 26, 29, 17, 37, 19, 39,
    34, 20, 23, 42, 26, 12, 14, 35, 25, 25, 10, 39, 14, 35, 38, 25, 37, 40, 26, 24, 48,  9, 45, 29, 33, 23, 20, 12, 45, 26, 47, 33, 27, 18,
    21, 32, 13, 15, 48, 15, 38, 30, 13, 32, 13, 21, 12, 27, 40, 25, 29, 13, 16, 27, 27, 38, 31, 16, 43, 24, 28, 10, 10, 24, 30, 45, 12, 30,
    20, 32, 43, 32, 31, 17, 29, 17,  9, 24, 34, 23, 26, 43, 20, 48, 14, 13, 10, 23, 31, 20, 26, 39, 10, 33, 21, 17, 34, 47, 35, 22, 35, 36,
    13, 27, 24, 16, 34, 26, 36, 42, 16, 46, 45, 47, 17, 17, 15, 30, 32, 34, 18, 12, 28, 12, 33, 22, 19, 22, 37, 25, 37, 43,  9, 47, 28, 47,
    19, 32, 18, 19, 40, 47, 16, 27, 38, 45, 37, 25, 26, 13, 25, 31, 39, 24, 12, 38, 36, 27, 14, 14, 30, 13, 17, 35, 37, 19, 32, 22, 36, 27,
    30, 20, 27, 39, 32, 18, 15, 36, 30, 42, 46, 20, 26, 33, 27, 32, 31, 38, 22, 16, 25, 43, 13, 13, 10, 48, 31, 28, 47, 14, 13, 37, 14, 41,
    31, 32, 39, 34, 34, 10, 37, 35, 19, 32, 30, 35, 31, 34, 45, 17, 25, 35, 15, 36, 17, 44, 17, 22],
   [13, 36, 36, 27,  8, 41, 41, 41, 42, 21, 13, 14, 44, 43,  7, 41, 38, 17,  7, 10, 38, 34, 16, 24, 25,  7, 33, 20, 14, 42,  7, 30, 13, 26,
     7, 14, 25, 17, 37, 42,  8, 45, 41, 19, 18, 10, 42, 11, 15, 12, 31, 34, 10, 33, 44, 20, 12, 37,  8, 44, 13,  8, 40, 34, 28, 23, 20, 44,
    14, 30, 15, 38, 11, 27, 32, 11, 23, 20, 34, 25, 45, 33,  8, 19, 13, 23, 37, 45, 36, 41, 23, 23, 45, 12, 29, 17, 41, 18, 15, 42, 28, 17,
    40, 45, 10, 15, 38, 12, 13, 36, 19, 28, 41, 12, 31, 33, 15, 19, 14, 20, 36, 24, 10,  8, 43, 28, 43, 12, 32, 11, 13, 44, 37, 13, 11, 38,
    42, 20, 35, 28, 23, 14, 19, 16, 24,  9,  7, 23,  9, 16, 27,  8, 30, 35, 18, 27,  9, 14, 22, 14, 16, 23, 19, 30, 12, 34, 20, 14,  7, 37,
    27, 23, 10, 19, 42, 24, 35,  7, 15, 43, 18, 40, 38, 23, 13, 19, 12, 39, 36, 25, 12, 30, 39, 22, 34,  9, 35, 44, 31, 38, 18, 33, 45, 41,
    35, 14, 42, 10, 14, 14, 23, 10,  7, 31, 34,  7,  7, 24, 44, 30, 20, 22, 26, 15, 30, 15, 23, 21, 11, 17, 41, 32, 25, 11, 17, 41, 21, 36,
    44, 13, 11, 43, 45, 13, 10, 31, 10,  7, 22,  8, 27, 42, 21,  9, 21,  8, 29, 28, 40, 38,  7, 20, 14, 19, 20,  8,  8, 11,  8, 29, 13, 21,
    34, 21, 18, 17, 11, 15, 40, 42, 31, 34, 43, 15, 26, 32, 28, 16, 41, 31, 24, 39, 19, 23,  8, 21, 14,  9, 35, 39, 45, 33, 30, 39, 17, 35,
    24,  8, 43, 29, 36, 21, 22, 14, 26, 39, 24, 31, 37, 23, 10, 40, 23, 31, 23, 15, 35, 32,  8, 38, 38, 39, 11, 31, 12, 21, 19, 31, 22,  9,
    44, 33, 21, 20, 23, 30, 34, 24, 26,  8, 37, 33, 21, 27, 41, 32, 34, 33, 12, 12, 14, 45, 19,  9, 44, 32, 20, 34, 24, 39, 43, 26, 13, 11,
    30, 33, 39,  8, 38, 17, 36, 26, 41, 41, 29, 12, 41, 13, 29, 25,  8, 17, 42, 27, 29, 12, 43,  8, 40, 19, 23,  7, 31, 35, 31, 22,  7, 23,
    23, 32, 35, 33, 23, 42, 42, 28, 34, 16, 34,  9, 28, 26, 11, 10, 41, 26, 36, 18,  8, 39, 28, 18, 21, 35, 10, 44, 19, 43, 34,  9, 15, 22,
    19, 32, 34, 40, 25,  7, 42, 31, 24, 25, 28, 15, 43, 17,  8, 35, 17, 13, 43, 35, 42, 19, 28, 30, 32, 26, 30, 32, 23, 32, 16,  8,  7, 33,
    24, 18, 34, 24, 41, 24, 40, 39, 27, 44, 10, 38,  9, 22, 23, 12, 39,  9, 24, 28, 36, 44, 34, 21],
   [28, 18, 23, 36, 36, 33,  6, 10, 23, 37, 36, 11, 18, 27, 16,  6, 14, 31, 30, 10, 36, 12, 37, 22,  7,  8, 34, 15, 33, 10, 32, 37, 28, 11,
    43,  8, 23, 44, 32, 28, 11, 11, 29, 36, 25, 12, 31, 32, 19, 32, 33, 44,  8, 31, 27, 11, 31, 26, 27, 36, 25, 35, 28, 27, 35,  6, 22, 40,
    28, 18, 23, 36, 18, 37, 14, 44, 16, 41, 32, 28, 19, 15, 40, 12, 17, 16,  9, 18, 36, 35, 42, 27, 23, 15, 31, 10, 39, 39, 10, 24, 16, 17,
    31, 35, 42, 43, 30, 31, 34, 20, 10, 43, 24, 33, 14, 13, 14, 21, 21, 44, 13, 16,  6, 31, 29, 42, 19, 27, 22, 37, 41, 24, 27, 11,  7, 11,
    27, 24, 41, 31, 27, 24, 23, 42, 17,  6, 30, 10, 16,  8, 18, 13, 44, 35, 13, 11, 15, 21,  7, 24,  6, 13, 27, 22, 11, 14,  8, 30, 15, 28,
    22, 25, 28, 38, 22, 30, 44, 31, 10, 35, 39, 14, 35, 40, 30, 29, 35, 38, 24, 26, 11, 43, 15, 12, 29, 40, 37, 15, 18, 36,  8,  9, 41, 11,
    24, 28, 22, 11, 30,  9, 18, 24, 22, 42, 33, 43, 30, 29, 23,  6, 37, 25, 37, 17, 28, 12, 37, 13, 32,  9, 24, 36, 31, 18, 16, 15, 35, 42,
    35, 15, 28, 17, 42, 14, 20, 42, 24, 21, 13, 17, 14, 41, 19, 35, 41, 18, 33, 37, 37,  7,  6, 40, 25,  8, 40, 21, 19,  9, 39, 41, 27, 44,
    11, 13, 26,  7,  7, 44, 16, 41, 20, 36, 22, 35, 19, 43, 20,  8, 14, 32,  6, 15, 31, 11, 14, 33, 35, 29, 34, 32, 33, 29, 34, 28, 20, 15,
    37, 29, 15, 12, 14, 37, 16, 42, 18, 43, 39,  9, 39,  7, 39, 25, 14, 16, 27, 13, 20, 39, 43, 16, 13, 18, 34, 40, 23, 34, 39, 43, 40, 16,
    28, 15, 34, 26, 15, 21,  8, 24,  8, 12, 39,  7, 27, 41, 13, 34, 43, 11, 37, 27, 17, 26, 37, 21, 27, 43, 32, 42, 24, 26, 19, 37, 21, 22,
     8, 26, 18, 22, 27, 23,  7, 38, 12, 17, 26, 35, 20, 32,  9, 19, 27, 28, 40, 13, 27, 38, 12, 14, 38, 14, 16, 12, 15,  6, 18, 38, 20, 35,
    12, 34, 21, 22, 42, 42, 42, 31, 30, 36, 36, 43, 39, 44, 30, 27,  7, 27, 11, 31, 32, 33,  8, 37, 41, 28, 43, 14, 30, 18, 19, 30, 26, 20,
    34, 23, 33, 22, 24, 11, 40,  7, 13, 26, 33, 40, 37, 42, 11, 16, 35, 21, 10, 31, 17, 38, 22, 11, 19, 36, 33, 42, 40, 22, 32, 28, 36, 24,
    29, 39, 15,  9, 34, 33, 33, 12, 32, 15, 14, 36, 38, 18, 10, 16,  6, 23, 31, 24, 41, 17, 18, 22]]
W=[10939, 11507, 12273, 12960,  8946, 12722,  9834,  9857, 12198, 7440,  8856, 10800, 11652, 11003, 10590]
b=[18, 12,  3, 14, 11, 20, 13, 18, 17, 15, 10,  6, 11, 10,  9,  1,  2,  3, 13, 10, 16,  7, 10, 15,  1, 13, 17, 19,  3,  6, 20,  6, 18, 16,
   15, 12, 19, 19, 10, 11, 13,  2,  4, 19,  4,  8, 19,  7,  3, 18, 13,  8,  3,  9, 13,  6,  3, 13, 18, 14, 11,  5,  2,  9, 16,  6,  2, 16,
   19,  7, 12, 19, 11,  6,  9, 11, 20, 13,  7, 11,  5, 11,  7,  4, 14,  5, 20,  9, 13, 11,  5,  2, 20, 14, 14, 12, 13,  4, 11,  4,  2, 18,
   13, 20,  2, 12,  5, 12, 20,  7, 14,  9, 16, 20, 17,  1, 15,  9,  6, 19,  9,  1,  6, 10, 15,  1, 19, 20, 12, 19, 18,  1,  3,  8, 10, 13,
   10, 17,  2, 15, 14,  7,  3, 19, 16, 14,  3, 13, 19,  1, 19, 18, 14,  8,  8,  3, 12,  9,  1, 18, 13,  7,  8, 12,  1, 17,  9,  2, 14,  2,
   13, 15, 17,  8, 10, 18,  9,  2, 13,  5, 11,  7, 10,  4,  9,  6,  7, 10,  4,  4, 13,  6, 15,  7, 13,  7,  7,  8, 20,  7,  1,  8, 13, 15,
   11, 17, 10, 10, 15,  4,  4, 13,  9, 13, 13, 16, 16,  3,  5, 19,  2,  5,  7, 18,  6,  8,  3,  5, 20, 16, 18, 20,  2, 12,  5,  9, 16,  6,
    8, 20,  4, 11,  1,  8,  6, 19, 11,  7,  6, 17, 19, 15, 14, 19, 11,  2, 12, 14, 14, 18, 11,  1,  1,  5,  5, 12, 12, 14, 12, 19,  1, 10,
    9,  6,  3, 17, 13, 15,  9, 20,  1,  1,  4,  5,  9, 16, 16,  6, 13,  4,  1,  7,  7, 10, 20,  5,  9,  3,  7,  4, 10,  5,  1, 18,  4, 18,
   13, 18,  7, 11,  2, 10, 12, 11,  8,  8, 10,  5,  1,  9,  3,  1,  6, 14,  2,  5, 14, 20, 17, 15, 17, 12, 14,  9,  6,  3,  1,  5, 13, 13,
    6, 16,  8, 14,  9,  6,  5, 18, 20, 11, 18,  7,  8,  6,  1, 15, 10,  5, 13,  7, 10, 15,  4,  8,  9,  5,  3, 15, 18, 14,  3, 11, 16,  8,
    5,  2,  1,  5,  3,  5, 10, 19, 12, 18,  9, 13,  6,  2,  6,  9,  9, 14, 17, 20, 12,  6,  7, 17, 17, 17, 12, 20, 15,  8, 16,  1,  9, 19,
    6,  8,  2,  4,  1, 10,  8, 11, 10,  2,  5, 19, 17, 12, 14,  1, 14, 15, 17, 12,  9,  8, 11, 20,  4,  3, 12, 12, 20,  5, 17, 17,  1,  5,
   12, 14, 13,  1,  9,  8, 16, 10,  7,  1,  8,  6, 16,  5, 17, 11, 16, 13, 14,  1, 15,  1,  6, 20,  3,  4,  2, 16, 10, 20, 18, 15, 19,  9,
   16,  4,  2, 14,  3, 16,  4, 19, 13,  9,  1,  9,  8, 18,  3,  4, 10, 20, 18, 12, 19,  3, 15, 14]
P=[V,R,W,b]

Mejor solución encontrada:
[ 0,  0,  0,  0, 11,  0,  0,  0,  0,  0,  0,  0,  0,  0,  0,  0,  0,  0,  0,  0,  0,  0,  0,  0,  0,  0,  0,  0,  0,  0,  0,  0,  0,  0,
  0,  8,  0,  0,  0,  0, 13,  0,  0,  0,  0,  0,  0,  0,  0,  0,  0,  0,  0,  0,  0,  0,  0,  0,  0,  0,  0,  0,  0,  0,  0,  0,  0,  0,
  9,  7,  0, 19,  0,  0,  0,  0,  0,  0,  0,  0,  5,  1,  0,  0,  0,  1,  0,  0,  0,  0,  0,  0,  0, 14,  0,  0,  0,  0,  0,  0,  1,  0,
  0,  0,  2,  0,  0,  7,  0,  0,  0,  0,  0,  0,  0,  1,  0,  0,  0,  0,  0,  0,  0,  0,  0,  1,  0,  0,  0,  0,  0,  0,  0,  0,  0,  0,
  2,  0,  0,  0,  0,  4,  0,  0, 16,  0,  0,  0,  0,  0,  0,  0,  0,  8,  0,  0,  0,  0,  1,  0,  0,  0,  0, 11,  0,  0,  0,  0,  0,  0,
  7,  0,  0,  0,  0, 11,  1,  0,  0,  0,  0,  0,  0,  0,  0,  0,  0, 10,  3,  1,  0,  0,  0,  0,  0,  0,  0,  0,  0,  7,  0,  0,  0,  0,
  0,  0,  0,  0,  0,  0,  2,  0,  0,  0,  0,  0,  0,  0,  0, 10,  0,  0,  0,  0,  0,  8,  0,  0,  0,  0,  0,  0,  0,  0,  0,  1,  0,  0,
  0,  0,  0, 11,  0,  0,  0,  0,  0,  0,  0,  0,  0,  0,  0,  1,  0,  0,  6,  0,  0,  0,  0,  0,  0,  5,  0,  0,  0,  0,  0,  0,  0,  0,
  0,  0,  0,  1,  1,  0,  0,  0,  0,  0,  0,  0,  0,  0, 16,  0,  2,  3,  0,  0,  7,  0,  0,  0,  1,  3,  0,  0, 10,  0,  1,  0,  0,  0,
  0,  0,  0,  0,  2,  0,  1,  0,  0,  0,  0,  0,  0,  0,  0,  1,  0, 14,  0,  5,  0,  0,  0,  0,  0,  0,  0,  2,  0,  0,  0,  0,  1,  0,
  0,  0,  0,  0,  9,  0,  0,  0,  0,  0,  0,  7,  0,  0,  0,  0,  0,  0,  0,  0,  1,  0,  0,  0,  0,  0,  3,  0,  0,  0,  0,  0,  1,  0,
  0,  0,  0,  0,  1,  0,  0, 11,  0,  0,  0,  0,  0,  0,  1,  0,  2,  0,  0,  0,  6,  0,  0,  0,  0,  0,  0,  0,  0,  0,  0,  1,  0,  0,
  0,  0,  0,  0,  0,  0,  0,  0,  0,  0,  0,  0,  0,  0,  0,  0,  0,  0, 16,  0,  0,  0,  0,  0,  0,  0,  0,  0,  0,  1,  0, 17,  0,  0,
 12,  0,  0,  0,  0,  0,  0,  0,  0,  0,  0,  0,  0,  0,  0,  0,  0,  0,  0,  0,  0,  0,  0,  0,  0,  0,  0,  0,  0,  0,  0,  0,  0,  0,
  0,  0,  0,  0,  0,  0,  0,  0,  0,  0,  0,  0,  0,  0,  0,  1,  0,  0,  0,  0,  0,  0,  0,  0]

Valor óptimo generado:
43132