MBKP con n=100 y m=5
V=[ 42,  10,  38,  23,  32,  61,  22,  33,  67,  65,  29,  18,  63,
    43,   5,  81,  17,   6,  30,  25,  57,  73,  40,  80,  17,  32,
    33,  19,  22,  29,  26,  44, 107,  29,  41,  59,  75,  15,  52,
   102,  21,  17,  16,  25,  21,  53,  40,  44,  39,  47,  88, 120,
    87,  26,  46,  55,  49,  33,  68,  10,  69,  52,  13,  16,  78,
    65,  83,  61,  87,  42,  40,  47,  43,  22,  50,  93,  42,  43,
    23,   8,  42,  20,  13,  75,   9,  36,  59,  53,  33,  31,  42,
    16,  69,  19,  19,  49,  71,  26,  49,  44]
R=[[23, 29, 16, 40, 12, 18, 40, 20, 36, 18,  7,  6, 19, 17, 26, 30, 36,
     6,  7, 26, 32, 40, 17,  9, 19, 22, 27, 30, 26, 32, 21, 42, 28, 20,
    32,  7, 23, 43, 28, 25, 10, 12, 42, 11, 15, 19,  7, 12,  8, 33, 28,
    20, 15, 39, 33, 29, 29, 26, 31,  8, 25, 21, 38, 15, 14, 42,  9, 10,
    15, 32,  9, 40, 30, 32, 28, 33,  9, 32, 10, 30, 32, 22,  7, 31,  8,
    16, 35, 31, 41, 36, 18,  7, 37, 12,  9, 20, 35, 10,  7, 25],
   [45, 18, 28, 24, 28, 30, 37, 18, 19, 41, 12, 16, 39, 12, 18, 24, 33,
    10, 41, 34, 29, 28, 38, 21, 19, 16, 30, 35, 39, 19, 43, 20, 40, 14,
    26, 43, 38, 22, 21, 42, 34, 43, 17, 22, 17, 20, 41,  9, 45, 17, 32,
    19, 35,  9,  9, 12, 10, 37, 45, 36, 29, 22, 43, 22, 43, 13, 31, 42,
    33, 41, 37, 42, 17, 23, 24, 18, 44, 25, 11, 36, 23, 44, 42, 26, 35,
    45, 19, 45, 19, 15, 27, 28, 12, 26, 14, 44, 39, 41, 21, 35],
   [26, 18, 25, 24, 12, 11,  9, 38, 34,  5, 38, 21, 18, 20, 39, 23, 36,
    10, 35, 13, 25, 30, 27, 39, 13, 33, 17, 35, 37, 12, 25, 39,  4, 40,
    22, 16, 28, 24, 19, 31, 33,  8, 17, 37, 35, 22, 40, 31, 36, 40, 26,
    37, 30, 26,  7, 36, 30, 30, 36,  6,  4,  6,  5, 10, 22, 40, 37, 35,
     5, 13, 12, 13, 22, 12, 19, 37, 23, 39,  5, 13, 19, 40,  7, 31, 31,
    18, 28, 24, 12, 32, 22, 10, 14,  4,  5, 13,  6, 38,  5, 25],
   [39, 12, 15, 16, 15, 16, 40, 16, 41,  9, 35, 40, 36, 33, 12, 34,  7,
    15, 34, 33, 39,  7,  7, 36, 29, 34, 32, 15,  8, 25, 19, 22, 37,  6,
    15, 37, 17, 33,  9, 14,  6, 23, 36, 27, 27, 15, 19, 13, 13, 29, 33,
    27, 27, 11, 36, 39, 25, 42, 26, 18, 31, 30, 40,  7, 37, 31, 20, 42,
    18, 19, 42, 42, 39, 35, 25, 24,  7, 37, 10, 14, 14, 15, 18, 32, 35,
    27, 22,  9, 17, 28, 15, 22, 26, 29, 35, 17, 30, 10,  8, 27],
   [26,  9, 48, 15, 46, 43, 43, 15, 48, 23, 18, 26, 29, 35,  9,  5, 10,
    41, 12, 17, 22, 30,  9, 30, 25, 13, 40, 38,  5, 39, 41, 47, 43, 29,
    28, 24, 17, 22, 29, 37, 44, 29,  5,  6, 39,  6, 29, 27, 25,  6,  6,
    43, 31, 16,  6, 28, 37, 26, 44, 39, 36, 20,  9, 24, 43, 20, 28, 27,
    38, 12, 41, 46, 29, 26, 19, 41, 14,  5, 24, 45, 17, 21, 43, 36, 18,
    31, 14, 22,  5, 38, 24, 13, 35, 20, 15, 38, 44, 17, 48, 48]]
W=[1491, 2187, 1463, 1575, 2125]
b=[ 9,  3, 17, 17, 17,  6, 15,  1, 11,  2, 17, 13, 12, 15,  1, 18, 20,
   20, 11,  2,  2,  1,  2,  6, 14,  2,  5,  8,  7, 17,  3, 13,  5, 18,
    2, 20, 16,  9,  7, 15, 12,  9,  2, 12, 15,  5,  9, 15, 11, 17, 13,
    4, 13, 20, 16, 10,  5, 16, 15,  5, 16,  5, 17,  5,  5, 18, 10, 18,
    2,  7,  8, 16,  1, 18,  8,  2,  1,  8, 20,  8,  4, 12, 15,  1,  4,
   20,  7, 20, 14, 11,  7,  7,  7, 11,  1,  6, 15,  8, 19,  9]
P=[V,R,W,b]

Mejor solución encontrada:
[ 0,  0,  0,  0,  0,  4,  0,  0,  0,  2,  0,  0,  1,  0,  0, 11,  0,
  0,  0,  0,  0,  0,  0,  0,  0,  0,  0,  0,  0,  0,  0,  0,  5,  0,
  0,  0,  6,  0,  0, 10,  0,  0,  0,  0,  0,  0,  0,  0,  0,  0,  5,
  4,  2,  0,  0,  0,  0,  0,  0,  0,  1,  0,  0,  0,  1,  0,  4,  0,
  2,  0,  0,  0,  0,  0,  0,  1,  0,  0,  0,  0,  0,  0,  0,  0,  0,
  0,  0,  0,  0,  0,  0,  0,  1,  0,  0,  0,  0,  0, 11,  0]

Valor óptimo generado:
5781