MKP con n=100 y m=10
V=[ 43, 120,  31,  63,  79,  71,  39,  50,  55,  80,  95,  27,  20,
    13,  41,  69,  37,  35, 111, 131,  64, 118,  12,  78,  18,  69,
    55,  60,  70,  22,  20,  12,  14,  24,  83, 136,  14,   9,  35,
    73,  85,  96,  87,  74, 100,  13,  19,  84, 108, 100,  81,  68,
    38,  25,  56,  62, 110,  46, 118,  19,  44,  44,  25,  59,  26,
   101,  18,  86,  19,  44,  76,  31,  66,  59,  76, 131,  56,  90,
    89,  95, 112,  72,  70,  74,  57,  91,  67,  68,  59, 102,  84,
    36,  34, 153,  21,  75,  18,  58,  17,  79]
R=[[12, 53, 50, 18, 36, 42, 12, 42, 45,  7, 14, 44, 46, 52, 38, 29, 22,
    49, 26, 41, 16,  7, 28, 12, 40, 16, 50, 37, 24, 35, 41, 10, 18, 20,
    20, 21, 59,  5, 19, 48, 28, 45, 17, 32, 40, 41, 21, 43, 52, 27, 20,
    47, 23, 33, 57, 15, 49, 15, 16, 10, 31, 25, 32, 55, 41,  8, 43, 19,
     9, 21, 11, 27, 22, 46, 32, 51, 34, 43, 43, 14, 22, 45, 20, 46, 40,
    17, 32, 40, 28, 18, 19, 21, 18, 38, 36, 57, 52, 29, 17, 44],
   [16, 43, 13, 26, 41, 41, 15, 26, 11, 37, 48, 28,  9, 15, 49, 52, 24,
    21, 30, 17, 48, 57, 37, 22, 20, 22, 54, 23,  7, 36, 10,  6, 11, 29,
    37, 15, 49,  9, 29, 38, 40, 38, 38, 20, 10, 37,  8, 29, 11, 45, 18,
    57, 53, 12, 36, 32, 26, 28, 17, 13, 51, 28, 30, 28, 13, 46, 33, 48,
    23, 18, 23,  9, 44, 43, 33, 27, 53, 31, 51, 49,  6, 32, 47, 25, 59,
     9, 30, 15, 39, 42, 45, 29, 46, 45, 26, 37, 33, 46, 54, 17],
   [50, 27, 30, 28,  8, 27, 50, 48, 21,  9, 51, 44, 26, 10, 21, 56, 36,
   31, 45, 17, 47, 48, 35, 49, 14, 38, 11, 39, 29, 15, 31, 26, 42, 19,
   37, 52, 10, 23, 53, 51, 52, 59, 46, 30, 39,  7, 56, 53, 28, 42, 45,
   44, 18, 41, 48, 18, 40, 39, 43, 39, 13, 47, 12, 57, 16, 42,  8, 35,
   38, 12, 39,  5, 37, 40, 17, 46, 52, 29, 42, 11, 32, 39, 13, 52, 25,
   27, 33, 12, 26, 33, 35, 17, 11, 46,  9, 18, 29, 46, 21, 52],
  [24, 49, 45, 20, 49, 11, 41, 41, 25, 49, 43, 44, 19, 27, 46, 30, 14,
    9,  9, 58, 50, 18, 58, 30, 29, 19, 17, 21, 44,  9, 20, 29, 25,  6,
   48, 40, 43,  9, 28, 13, 13, 44, 18, 21, 23, 26, 14, 25, 39, 28, 14,
   48, 46, 45, 45, 58, 38, 44, 27, 10,  8, 53, 29,  6, 11, 40, 46, 30,
   33, 39, 12, 51, 25, 28, 11, 44, 15, 32, 51, 38, 44,  6, 32, 27, 31,
   29, 31,  6, 16, 12, 41, 54, 30, 40, 42, 43, 10, 31,  8, 37],
  [28, 19, 42, 23, 38, 49,  8, 32, 15, 12, 45, 11, 13, 36, 50, 42, 44,
   44, 42, 50, 22, 31, 47, 52, 37, 27,  8, 44, 49, 20,  7, 10, 48, 10,
   51, 11, 46, 44, 14, 37, 17, 32, 48, 23, 47, 54, 16, 11, 33, 24, 11,
   35, 50, 47, 45, 26, 18, 12, 57, 54, 10, 18, 11, 37, 46, 46,  8, 48,
   26, 48, 37, 39, 27, 45, 23,  8, 43, 27, 22, 35, 32, 28, 12, 23, 25,
   33, 54, 52, 29, 30,  7, 32, 11, 59, 19, 22, 29, 48, 29, 41],
  [15, 44, 24, 37, 39, 18, 25, 56, 43, 33, 43, 46, 50, 38, 51, 37, 43,
   32, 16, 47, 29, 50,  8, 54, 18, 18, 10, 14, 45, 43, 37, 10,  7, 42,
   37,  9, 47, 36, 43, 49, 50, 29, 28, 18, 32, 22,  7, 46, 12, 56, 45,
   39, 39, 44, 33, 27, 24, 29,  7, 16, 40, 48, 18, 36, 16, 24, 38, 22,
   47, 12, 46, 21,  5, 31, 23, 19, 21, 10, 12, 50, 17, 45, 10, 32, 50,
   48, 41, 24,  9,  7, 24, 46, 26, 37, 46,  9, 18, 19, 22, 30],
  [46, 57, 31, 25, 30, 15, 28, 25, 39, 29, 13, 50, 35, 39, 30, 43, 41,
   41, 13, 43, 48, 33, 21,  9, 39, 15,  5, 16, 46, 16, 40, 37, 32, 23,
   18, 41, 21, 17, 34, 53, 28, 38, 16,  9, 19, 14, 25, 16, 50, 36, 42,
   23, 38, 48, 35, 39, 26, 12, 16, 47, 40, 31, 26, 38, 28, 26, 22, 18,
    8, 31, 52, 24, 20,  7, 32, 11, 27,  6, 50, 33, 10, 51, 47, 42,  8,
   38, 57, 44, 44, 23, 49, 43, 21, 55, 52, 34, 36, 17, 43, 15],
  [42, 16, 39, 32, 30, 28, 27, 19, 46, 39, 44, 19, 11, 12, 13, 29, 24,
   34, 19, 39, 12, 39, 34, 41, 60, 34, 52, 51, 22, 19, 44, 21, 45, 34,
   25, 28, 27, 48, 31, 33, 48, 39, 20, 35, 32, 34, 58, 46, 42, 34, 42,
    6, 18, 44, 21, 31, 50, 42,  9, 27, 17, 21, 17, 11, 25, 50,  7, 54,
   20, 21, 51, 29, 39, 22, 28, 41, 60, 19, 15, 33, 20, 22, 57, 33, 29,
   30, 27,  6, 37, 47, 25, 23, 50, 14, 50, 40, 28, 40, 53, 32],
  [17, 22, 47, 20, 19, 35, 54, 40, 49, 31, 43, 15,  8, 41, 19, 24, 26,
   43, 18, 58, 38, 25, 45, 30, 24, 12, 20,  7, 34, 60, 33, 40, 29, 47,
   13, 54, 15, 52, 20, 15, 36, 18, 36, 13, 47,  7, 55, 29, 33, 15, 56,
   46, 20, 27,  8, 34, 28, 24, 46, 13, 16, 42, 26, 31, 51,  9, 27, 36,
    9, 21, 23, 38, 23, 27, 51, 24, 47, 20, 43, 27, 29, 55, 47, 19, 51,
   33,  7, 12, 19, 21, 17, 10, 40, 57, 30, 29, 58, 35, 26, 55],
  [11, 48, 22, 31, 28, 14, 22, 17, 10, 19, 22, 25, 13, 16, 49, 56, 30,
   14, 11, 48, 42, 45, 46, 10, 44, 41, 25, 48, 21, 20, 32, 22, 29,  7,
    6, 51, 50, 19, 21, 54, 25, 34, 39, 32, 30, 36, 17, 17, 26, 13, 35,
   10, 33, 26, 52, 18, 29, 17, 44,  6, 52, 41, 47, 58, 40, 44, 42,  7,
   15, 26, 31, 41, 40, 39, 10, 45, 52, 22, 33, 55,  8, 15, 38, 34, 29,
   41, 37, 54, 37, 51, 27, 46, 39, 50, 15, 35, 25, 38, 13, 43]]
W=[2389, 2489, 2825, 2543, 2657, 2450, 2220, 2796, 2526, 2637]