MKP con n=100 y m=10
V=[     103,  46,  81,  80, 106,  51,  41,  73,  81,  37,  18,  32,  29,
        113,  55,  36,  49,  17,  40,  56,  41,  72,  27,  24,  44,  51,
         53,  56,  69,  12,  35,  29,  23,  15,  35,  63,  25,  21,  24,
         49,  43,  49,  27,  40,  78,  49,  35,  71,  47,   7,  23,  66,
         29,  90, 109,  36,  55,  59,  66,  24,  15,  45,  49, 106,  32,
        133,  81,  13,  33,  29,  40,  77,  37, 105,  28,  62,  33,  18,
         40,  93,  22,  10, 102,  38,  49,  13, 123,  93,  36,  41,  61,
         56,  40,  58,  40,  28,  97,  42,  40,  74]
R=[     [ 6, 19, 38, 17, 35, 39, 13, 36, 25, 10, 40, 17, 17, 24, 30, 20, 12,
         48, 17,  5, 39, 35, 29, 23, 31, 18, 16, 21, 41, 13, 30, 18, 19, 11,
         38, 30, 26, 51, 25, 47, 22, 22, 26, 43, 32, 27, 16, 38, 35, 10, 20,
         15, 20, 12, 36, 21, 23,  8, 59, 13,  6, 11, 36, 15, 27,  9, 11, 10,
         11, 17, 20, 13, 10, 36, 30, 37, 28, 12, 13, 12, 18, 19, 14, 36, 25,
         15, 14, 34, 16, 16, 20, 40, 23, 11, 21, 27,  4, 16, 52, 18],
        [36, 19, 33, 43, 16, 21, 23, 30, 24,  4, 44, 39, 39, 21, 18, 16, 19,
         14, 24, 27, 25,  8, 21, 13, 27, 32,  8, 49, 13, 31, 16, 12,  5, 47,
         22, 23, 18, 10, 16, 35, 33, 34, 32,  4, 39, 24, 22, 22, 33, 43, 23,
         13, 15, 19, 19, 36, 42, 20, 29, 20, 21, 30,  8, 21, 24, 17, 42,  8,
         13, 51,  9, 29, 17,  5, 14, 19, 16, 21, 32,  5, 26, 17,  9, 10, 25,
         25, 10, 38, 34, 14, 23, 18, 11, 29,  7, 18, 25, 12,  8, 28],
        [ 9, 27,  9, 18,  7, 24, 26, 24,  5, 52, 30, 23, 40,  7, 28,  9, 45,
         18, 14, 22, 30, 11, 18, 14, 36, 44,  9, 21, 26, 16, 37, 36, 40, 20,
         16, 34, 23,  9,  9, 34, 25,  9, 31, 27, 18, 39, 35, 22, 17, 10, 32,
         24, 18, 22, 20, 16, 14, 12, 19, 27, 12, 34, 29,  7, 18, 35, 29, 20,
         33, 29, 26, 20, 26, 17, 10, 18, 14, 10, 24, 11, 18, 11, 20, 16, 19,
         53, 17, 40, 32, 26, 27, 10, 30, 19, 31,  5, 52, 19, 11, 30],
        [31, 20, 17, 23, 15, 34, 31, 17, 34,  3, 26, 30, 10, 54, 24, 24, 34,
          7, 33, 29,  6, 27, 44, 20, 30, 26, 18, 15, 31, 30,  8, 10, 24, 17,
         18, 13, 35, 37, 21, 15, 23, 25, 13, 20, 17, 29, 47, 30, 16, 24, 13,
         40, 10, 39, 21, 17, 25, 40, 28, 34, 28, 14, 14, 11, 18, 28, 32, 38,
         12, 45, 14, 14, 29, 11, 15, 27, 21, 20, 25, 30, 24, 54, 11, 14, 43,
         33, 24, 27, 25, 21, 24, 29, 23, 18, 31, 27, 35, 18, 26, 35],
        [19, 10, 16, 21, 60, 27, 26, 24, 15, 16, 22, 24, 25, 17, 22, 50, 10,
         12, 12, 21, 17, 24, 15, 50, 25, 15, 16, 13,  5, 60, 18, 17, 21, 43,
         36, 37, 10, 20, 28, 19, 42, 42, 12,  5, 13, 47, 20, 21, 15, 15, 11,
         52, 35, 26, 22, 22, 25, 30,  6, 19, 31, 10, 33, 25, 36, 17, 20, 14,
         36, 20, 19, 35, 31, 13, 22, 49, 29, 12, 50,  9, 37, 25, 51, 20, 27,
         12, 16, 19,  8, 24, 34, 22, 18, 26, 16, 15, 58, 11, 28, 41],
        [11,  7, 21, 26, 36, 31, 20, 13, 15, 43, 30, 18, 25,  6, 29, 49, 42,
         16, 11, 16, 40, 43, 13, 19, 10, 40, 30, 42, 16,  9, 16, 40,  8, 25,
         28, 16, 21, 21, 33,  6, 19, 38, 14, 12, 41, 13, 19, 35, 12,  4, 28,
          9, 47, 28, 11, 26, 59, 39, 33,  5, 22, 12, 17, 12, 19, 38, 13, 19,
         12, 12, 20,  7, 38, 10, 17, 39, 40, 11, 26, 20, 13, 31, 30, 25, 22,
         29, 36,  7, 31, 25, 11, 29, 13,  6, 43, 47, 28, 34, 23,  8],
        [38, 10, 11, 14, 12, 32, 38, 25, 54, 38, 12, 26, 16, 19, 28, 11, 22,
         18, 18, 20, 37, 48, 40, 37, 14, 19, 28, 18, 20, 19, 21, 24, 24, 13,
         14, 37,  9, 34, 24, 38, 29,  9,  8, 12, 47, 19, 15, 21, 26, 16, 16,
         20, 20, 14, 16,  8, 22, 27, 18, 33, 22, 25, 44, 23, 16, 26, 27, 11,
         26, 20,  5, 32, 12, 21, 17, 10, 22, 39, 17, 35, 26, 32, 34, 36, 15,
          6, 20, 10, 11, 11, 10, 36, 10, 24,  6, 26, 29, 34,  3, 17],
        [35, 14, 35, 21, 11, 17,  6, 14, 11, 38, 26, 11, 12, 21, 22, 17, 17,
         32, 15, 13, 16, 20, 24, 22, 28, 29, 39, 17, 13, 30, 18, 38, 29, 37,
         28, 16, 22, 23, 38, 23, 46, 44, 13, 24, 25, 48,  9, 51, 18, 17, 57,
         23, 37, 41, 42, 19, 27, 12, 16, 20, 15, 30, 14, 44,  8, 23, 40, 24,
         17, 13, 47, 14, 34, 13,  6, 15,  9, 56, 24, 57, 34, 48, 24, 34, 22,
         13, 22,  9, 13, 40, 54,  9, 50, 30, 20, 41, 22, 25, 21, 22],
        [44, 33, 31, 39, 41, 19, 36, 13, 15, 20, 11, 15, 19, 20, 19,  4, 37,
         21, 36, 32, 14, 18, 27, 22, 12, 30, 21, 36, 31, 51, 16, 20,  9, 40,
         18, 21, 15,  7, 16, 21, 23, 30, 14, 53,  7, 33, 27, 29,  5, 32, 21,
         10, 41, 11, 15, 23, 31, 16, 17,  9, 41, 29, 20, 25, 22, 15, 29, 23,
          9, 10, 28, 22, 15, 56, 31, 32, 15, 24, 41,  6, 23,  5, 21, 19, 13,
         13, 50, 47, 20, 16, 42, 47, 14, 34, 37, 20, 13, 30, 43,  6],
        [10, 38, 55, 10, 21, 28, 33,  6, 47, 22, 34, 28, 19, 28, 27, 28, 22,
         29, 48, 36, 21, 27,  6, 10,  7, 22, 20, 46, 32, 28, 37, 11, 10, 44,
         22, 41, 33, 52, 18, 14, 10, 13, 13, 35, 32,  9, 18, 28, 49,  9, 30,
         27, 12, 51, 17, 11, 19,  9, 22, 22, 21, 16, 34, 59,  9, 50, 13,  7,
         14, 42, 21, 38, 30, 32, 13, 33, 24,  9, 48, 14, 10, 21, 19, 26, 35,
         11, 10, 27, 23, 18, 29, 22, 17, 20, 32, 25, 19, 37, 40, 43]]
W=[1905, 1698, 1956, 1898, 1955, 1914, 1901, 2056, 2004, 1783]