MKP con n=100 y m=10
V=[64,  52,  44,  27,  26,  54,  43,  18,  32,  36, 114,  23,  37,
   67,  36,  24,  63,  59,  14,  26,  81,  27,  40,  37,  99,  11,
   44, 116,  77,  24,  34,  24,  80,  16,  56,  28, 130,  33,  14,
    8,  37,  17,  40,  32,  48,  38,  25,  67,  63,  20,  70,  55,
   13,  11,  20,  38,  10,  99,  32,  65,  29,  89,  48, 117,  15,
   21,  40,  14, 115,  63, 118,  79,  98,  54,  64,  77,  14,  52,
   27,  28,  33,  78,  10,  67,  29,  66,  51,  42,  33,  59,  45,
   50,   8,  12,  64,  86,  44,  90,  57,  97]
R=[[28, 14, 19, 34, 14, 43, 12, 38, 50, 25,  8,  9, 33, 25, 17, 32, 36,
    23, 19, 19, 36, 41, 31, 17, 16, 38, 13,  7, 22, 16, 32, 23, 22, 28,
    51, 37, 31, 24, 10, 29, 14, 36, 26, 25, 16, 22, 27, 28, 18, 16, 21,
    35, 22,  5, 25, 30, 19, 33, 37, 26, 47, 34, 12, 12, 10, 39, 13, 57,
     6, 11, 26, 34,  6, 29, 14, 11, 11, 21, 16, 23, 39, 12, 37, 17,  7,
    40, 29, 10, 33, 44, 48, 29, 42, 23, 17, 39, 30, 50, 22, 31],
   [14,  6, 23, 11,  8, 23, 21, 14, 48, 12, 44, 23, 24, 28, 27, 15, 29,
    29, 16, 25, 29, 11, 14, 12, 35, 18, 17, 18, 23,  6, 11, 48, 18, 13,
    10, 12,  5, 13,  8, 15, 34, 18, 26, 23, 27,  7, 35, 14, 20, 29, 33,
    20, 50, 33, 24, 28, 12,  4, 30, 35, 15, 20, 39, 26, 23, 18, 44, 25,
    30, 25, 11, 39, 13, 58, 31,  9, 10, 18, 19, 16, 13, 30,  4,  8, 10,
    36, 19, 13, 21, 10, 21, 18, 19, 23, 42, 37, 12, 10, 24, 13],
   [ 8, 17, 17, 13, 24, 26, 49, 20, 49, 16, 28, 46, 42,  6, 39, 17, 38,
    37, 18, 33, 43, 18, 36, 22, 41, 23, 19, 26, 12, 15, 29,  7, 30, 33,
    28, 24,  7, 22, 58, 19, 31, 15, 20, 34, 44, 33, 16, 25, 38, 23, 12,
    25, 37, 20, 19, 30, 41,  9, 50, 22, 11, 42, 12, 52, 29,  8, 38, 19,
    39, 36, 25, 31, 11, 22,  7, 20, 16,  5, 38, 19, 41, 46, 28,  8, 11,
    18, 41, 23, 14, 13, 29, 38, 22, 10, 13, 52,  7, 21, 22, 34],
   [ 9, 17, 30, 16,  9, 24, 51, 34, 20, 10, 17, 15, 17, 11, 15, 20, 39,
    27, 13, 13, 12, 10,  4, 23, 11,  6, 15, 12, 20, 42,  8, 20, 31, 14,
    12, 11, 26, 25, 14,  7, 32, 23, 17, 14, 31, 20, 15, 27, 30, 15, 16,
    34, 14, 31,  7,  6, 29, 11, 13, 26, 35, 38, 24, 32, 23,  7, 20, 11,
    16, 10, 35, 18, 31, 26, 24, 25, 27,  8, 31, 20, 20, 29, 27, 39, 19,
    26, 11, 40, 11, 24, 45, 39,  6, 28, 32, 12, 34, 53, 46, 27],
   [13, 11, 33, 26, 37, 10, 59, 39, 15, 39, 55, 13, 21,  6, 23, 37, 31,
    16, 18, 53, 25, 32, 30, 13, 16,  9,  9, 15, 10, 16, 35, 11, 15, 17,
    16, 28, 32,  8, 10, 41, 41, 15, 17, 20, 23, 21, 11, 30, 19, 37, 32,
    16, 43,  6, 24, 35, 33, 28, 23, 49, 20,  8, 23, 38, 26, 34, 18, 32,
    13, 40, 20, 33, 40, 11, 24, 41, 11, 25, 17,  9, 14, 23, 11,  6, 35,
    12, 27, 31, 14, 20, 40,  3, 27, 36, 36, 34, 46, 30, 22, 28],
   [41, 30, 13, 25, 13, 13, 23, 20, 27, 22, 10, 18, 29, 15, 18,  4, 53,
    27, 33, 14, 32, 10, 24, 47, 48, 16, 36, 47, 38, 48, 22, 11, 14, 38,
    16, 55, 20, 23, 19,  6, 13, 28, 16, 25, 23, 18, 51, 20, 12, 40, 26,
    47,  8, 26, 20, 19,  5, 54,  4, 27, 23, 41, 10, 15, 26, 31, 37, 34,
     9, 29, 16, 37, 35, 25, 25, 32, 10, 20, 24,  8, 18, 20, 59, 21, 23,
     8, 38, 36, 32, 13,  3, 23, 16, 24, 23, 26, 24, 22, 25, 44],
   [16, 31, 33, 12, 15, 28, 35,  8, 13, 21, 28, 21, 12,  6, 14, 34, 33,
    28, 17, 27, 15,  5, 30, 18, 13, 18, 29, 14, 41, 21, 21, 25, 39, 10,
     8, 30, 50, 39, 20, 15, 28, 10, 24, 21, 28, 29, 24, 17, 18, 42, 34,
     6, 19, 39,  8, 15, 23,  4, 21,  6,  6, 19, 25, 24, 16, 14, 19, 10,
    32, 16, 50, 47, 27, 32, 46, 42, 28, 13, 22, 21, 28,  5, 14, 16, 16,
    24, 27, 27, 34, 20, 43, 23, 29,  6, 18, 16, 18,  6, 47, 14],
   [15, 21, 30, 12, 21, 45, 35, 43, 21, 21, 59, 24, 24, 11, 30, 14, 23,
    19, 43, 41, 16, 16, 37, 14, 35, 22, 33, 43, 10, 19, 43, 35, 23, 18,
     9, 51, 18, 30, 39,  4, 16,  9, 40, 25, 24,  9, 31, 19, 30, 33, 38,
    35, 10, 10, 10, 28, 13, 19,  8, 23, 37, 27, 10, 19, 21, 17, 33, 19,
    11, 25, 10, 31, 56, 20, 28,  5, 40, 17, 19, 19, 13, 33, 26, 36, 50,
     6, 32, 19, 10, 32, 14, 11, 19, 31, 13, 50, 16, 22,  8, 21],
   [18, 27, 30, 25, 56, 20, 42, 20, 26, 10, 44, 25, 16, 27, 15, 13, 24,
    16, 33, 44, 21, 12, 25, 15, 23,  4,  5,  9, 13, 34, 43, 44, 48, 11,
    18, 52, 20, 22, 13, 51, 30, 39, 11,  6, 45, 18, 24, 29, 20, 44, 27,
    42, 12, 37, 35, 30, 28, 38, 23,  4, 45, 14, 22, 50, 23, 56, 17,  9,
    18,  8,  7, 25, 10, 27, 18,  5, 23, 22, 11, 31, 30, 30,  4, 23, 21,
    19, 13, 14, 43, 38,  9,  4, 31,  5, 54, 33, 21, 23, 11, 30],
   [19, 23, 31, 41, 21, 56, 22, 21,  8, 33, 27,  5, 27, 37,  7, 13, 27,
    30, 19, 36, 45, 10, 19, 17, 43, 31, 40, 14, 10, 20, 14, 11, 37, 31,
    11,  9, 26, 21,  5, 25, 14, 41, 18, 13, 10, 17, 16, 11, 20, 14, 19,
    46,  8, 13, 10, 16, 10, 27, 45, 48, 33, 41, 15, 19, 14, 21, 22, 25,
    46, 26, 31, 22, 28, 18, 21, 15,  8, 24, 34, 14, 26, 45, 16, 26,  6,
    43, 36, 15, 28,  6, 16, 33, 43, 13,  8,  6, 39, 32, 19, 15]]
W=[2083, 1440, 2086, 1749, 1964, 1976, 1783, 2031, 1965, 1886]