MKP con n=100 y m=10 
V=[ 42,  63,  90,  42,  15,  53,  60, 133, 101,  41,  81,  35,  74,
    33,  45,  81,  92,  52,  45, 113,  40,  25, 130,  57,  31,  76,
    51,  29,  97,  69,  28,  53,  29,  21,  66,  42,  17,  61,  78,
    63,  31,  27,  75, 119,  84,  20,  57,  88,  50,  38,  77,  97,
    92,  46, 114,  23,  26,  34,  59,  74,  73,  44,  88,  42,  67,
    49,  73,  52,  11, 112,  16,  20,  99,  23,  43,  91,  61,  47,
   137, 110,  41,  14,  57,  21, 137, 104, 128,  95,  46,  50,  34,
    73,  65,  25,  40,  37,  69,  52,  34,  30]
R=[[49, 11, 12, 42, 26, 35, 41, 10, 41, 24, 25, 34, 43, 39,  9, 26, 37,
    27, 47, 29, 52, 25, 46, 26, 15, 17, 33, 20, 21,  7, 27, 16, 20, 20,
    45, 52, 20, 36, 19, 41, 45, 11, 47, 19, 13, 21, 51, 16,  6, 38, 44,
    46, 37, 43, 30, 39, 23, 33, 23, 25, 18, 20, 13, 38, 36, 37, 34, 28,
    15, 51, 45, 17, 52, 42, 35, 46, 46, 52, 19, 22, 15, 56, 28, 12, 25,
    26,  7, 44, 32,  8, 37, 31, 52, 49, 12, 30, 56, 36, 19, 50],
   [39, 49, 32, 52, 10, 15, 46, 26, 50, 27, 42, 43, 47, 32, 35, 38, 14,
    17, 26, 27, 19, 24, 39, 40, 23, 45, 33, 56, 11, 29, 37, 51, 42, 49,
    27, 36, 44, 15, 36, 37,  7, 48, 32, 46, 52, 39, 25, 12, 44, 45, 47,
    35, 14, 33, 56, 49,  8, 45, 25, 55, 50, 14, 52, 48,  6, 52, 17, 22,
    23, 42, 11, 33, 56, 18, 43, 36, 26, 11, 13, 48, 38, 36, 19, 15, 58,
    37, 41, 44, 10, 16, 34, 10, 13, 15, 23, 40, 43, 37, 36, 24],
   [46, 17, 32, 44, 17, 21, 52, 35, 32, 27,  6, 31, 43, 13,  7, 32, 41,
    27, 23, 51, 23,  6, 34, 26, 40, 11, 49, 45, 17, 38, 16, 23, 18, 36,
    48, 31, 11, 35, 35, 45, 34, 21, 41, 13, 52, 32, 30, 36, 34,  7, 45,
    38, 49, 50, 12, 43, 41, 21, 44, 45, 30, 34, 28, 38, 35, 25,  9, 19,
    52, 11, 26, 19, 26, 48, 25, 24, 20, 35, 50, 14, 25, 53, 45, 42, 12,
    13, 11, 34, 26, 21, 22, 51, 18, 46, 22, 26, 28, 24, 13, 32],
   [55, 53, 39, 21, 42, 22, 12, 33, 12, 38, 18, 21, 45, 15, 33, 28, 42,
    37, 29, 50, 48, 50, 26, 54, 49, 30, 40, 46, 47, 38, 15, 33, 23, 26,
    20, 20, 25, 27, 12, 47, 29, 26, 45, 46, 15, 32, 23, 28, 39, 29, 39,
    23, 23, 51, 45, 33, 13, 23, 19, 22, 49, 33, 33, 15, 13, 38, 26,  8,
    18, 39, 11, 40, 34, 12, 35, 46, 31, 29, 40, 59, 21, 24, 12, 45, 53,
    58,  7, 39, 44, 25, 17, 20, 29, 47, 23, 45, 54, 55, 14, 25],
   [49, 48, 33, 28, 16, 23, 21, 51, 14, 16, 11, 23, 14, 52, 12, 50, 41,
    26, 20, 28, 17, 10, 51, 44, 28, 49, 33, 23, 10,  7, 32, 45, 55,  7,
    24, 18, 48, 20, 37, 12, 42, 43, 37, 35, 11, 49, 23,  8, 45, 25, 30,
    47,  9, 36, 15, 17, 39, 34, 40, 14, 39, 29, 18, 24, 11, 10, 43, 38,
    32, 14, 19, 14, 17, 25, 12, 40, 47, 23, 54, 18, 15, 52, 12, 31, 42,
    32, 16, 36,  9, 39, 50, 45, 37, 23, 35, 39, 28, 48, 13, 28],
   [28, 38, 24, 14, 51, 22, 29, 15, 28, 32, 21, 23, 49, 19, 48, 41, 52,
    16, 33, 31, 39, 41, 21, 14, 43, 16, 46, 21, 48, 37, 28, 29, 46, 11,
    52, 54, 44, 11, 47, 49, 16, 17, 17, 35, 49, 35, 24, 43, 31, 30, 19,
    41, 31, 20, 35, 24, 17, 18, 45, 42, 32, 24, 26, 12, 32, 40, 23, 51,
     8, 48, 49, 49, 46, 15, 37, 45, 22,  8, 56, 44, 13, 11, 26, 28, 30,
    37, 40, 42, 43, 44, 36, 20, 26, 40, 43, 29, 39, 11, 28, 27],
   [32, 51,  9, 15,  8, 40, 19,  8, 18, 27, 21, 14, 47, 13, 36, 16,  6,
    26, 38, 53, 13, 17, 18, 50, 53, 59, 16,  7, 31, 30, 25, 22, 55, 23,
    45, 45, 59, 15, 47, 11, 45, 12, 26, 33, 47, 10, 46,  9, 28, 21, 18,
    56, 38, 34, 11, 40, 14, 52, 39,  8, 40, 34, 49, 53, 29, 51, 13, 40,
     6, 30, 40, 38, 42, 22, 32, 47, 51, 31, 19, 28, 29, 10, 25, 55, 11,
    39, 14, 45, 43, 10, 21, 28, 34, 37, 20,  9, 53, 35, 22, 55],
   [50, 25, 40, 26, 24, 32, 39, 42, 42, 15, 34, 25, 28, 33,  8, 59, 43,
    25, 26, 36, 29, 13, 44, 13,  9, 32, 53, 31, 21, 46, 54, 35, 27, 17,
    40, 16, 22, 35, 15, 27, 42, 36, 48, 25, 50,  9, 18, 56, 29, 50, 10,
    31, 45, 27, 46, 44, 43, 23, 10, 40, 40, 55, 23, 19, 37, 40, 32, 10,
    46, 13, 18, 40, 25, 45, 35, 40, 42, 46, 54, 33, 36, 48, 29, 56, 23,
    41, 48, 17, 51, 16, 31, 45, 17, 20, 36, 54, 11, 42, 39,  7],
   [24, 29, 57, 20, 51, 33, 29,  5, 55, 21, 41, 52, 49, 36, 50, 19, 13,
    49, 12,  7, 13, 36, 17, 33, 22, 13, 22, 14, 23, 34, 51, 12, 45, 17,
    42, 38, 11, 11, 32, 23, 13, 30, 42, 13, 31, 13, 30, 21, 51, 19, 42,
    42, 51, 53, 17, 19, 40, 55, 35, 48, 20, 35, 45, 39, 47, 12, 10, 41,
    33, 35, 19, 58, 36, 38, 11, 28, 41, 25, 37, 13, 46, 12, 60, 14, 18,
    59, 44, 47, 48, 11, 19, 49, 50, 35, 42, 26, 36, 16, 23, 41],
   [20, 27, 39,  9, 36, 28, 34,  6, 50, 31, 17, 17, 36, 10, 22, 27, 42,
    49, 18, 42, 32, 19, 15, 10, 15, 30, 29, 30, 36, 50, 24, 37,  5, 29,
    52, 51, 45, 16, 52, 53, 52, 11, 29, 51, 33, 30, 34, 16, 29, 14, 39,
    51, 24, 10, 44, 28, 14, 43, 23, 32, 27, 10, 24, 10, 37, 25, 37, 22,
    27, 28,  9, 52, 39, 14, 24, 47, 16, 19, 44, 18, 17,  7, 52, 30, 50,
     5,  7, 47, 28, 48, 37, 24, 19, 38, 22, 37, 32,  9, 18, 29]]
W=[2618, 2784, 2154, 2494, 2374, 2655, 2414, 2738, 2620, 2403]