MKP con n=100 y m=10  
V=[ 18,  26,  89,  36,  34,  45,  88,  85,  28, 100,  17,  85,  56,
    33,  96,  94,  64,  17,  46,  34,  49, 113,  29, 116, 116,  80,
    48,  55,  22, 102,  32,  25,  71,  62,  90,  57,  83, 153, 102,
    85,  71,  49, 136,  40,  26,  47, 115, 106,  25,  88,  69,  44,
    41,  27,  30,  10,  41,  19,  95,  82,  55,  96,  37,  82,  63,
    88,  76,  34,  55, 124,  62,  81,  67, 130,  61,  79,  57,  34,
   109, 115,  23,  73,  48, 106,  63,  43, 122,  92, 114,  41,  93,
    39,  65,  32,  73,  25,  83,  94,  52,  55]
R=[[28, 46, 54,  5, 41, 10, 20, 40, 28, 18, 38,  9, 57, 20, 36, 12, 40,
    21, 22, 35, 29,  9, 40,  7,  9, 51, 28, 15, 38, 14, 32, 46, 58, 29,
    35,  5, 21, 45, 27, 10, 14, 37, 22,  7, 43, 32, 41, 35,  6, 14, 36,
    28,  9, 40, 38, 25, 33, 23, 47, 31, 14, 45, 17, 34, 27, 40,  5, 25,
    18, 28, 48, 32, 42, 13, 39,  6, 31, 49, 59, 43,  9, 22, 57,  6, 16,
    21, 53, 35, 28,  9, 28,  9, 17, 37, 29, 41, 33, 49, 42,  5],
   [52, 33, 27, 30, 20, 23,  7, 32, 16, 42, 23, 36, 32, 46, 50, 45, 39,
    45,  8, 34, 18, 45, 48, 33, 12, 22, 58, 36, 19, 36, 24, 17, 55, 38,
    56, 20, 47, 35, 39, 22, 50, 44, 10, 58, 18, 32, 48, 52, 21, 22, 20,
     7, 45, 14, 44, 32, 23, 14, 23,  7, 14, 26, 10, 41, 47, 45, 50, 49,
    21, 52, 42, 36, 41, 31, 18,  9, 36, 48, 47, 22, 14, 33, 40,  9, 39,
    31,  8, 58, 19, 47, 29, 24, 12, 30, 54, 56, 42,  7, 31,  8],
   [24,  9, 21, 40,  7, 52, 39, 14, 52, 55, 21, 53, 54, 26, 31, 51, 17,
    48, 18, 56, 26, 44, 46, 35, 53, 19,  7, 30, 10, 28,  8, 57, 36, 24,
    44, 55, 11, 17, 15, 52, 49, 51, 53, 54, 19, 35, 50, 51, 54, 37, 14,
    43, 15, 31, 52, 24, 14, 24, 10, 18, 47, 23, 53, 47, 21, 43, 21, 47,
    14,  7, 21, 17, 27, 47, 38, 12, 19, 30, 14, 36,  8, 22, 15, 32, 49,
    19,  8, 46, 25, 32, 24, 20, 37,  9, 32, 38,  7, 56, 34, 45],
   [49, 10, 28, 35, 40, 33, 12, 52, 16, 50, 33,  9, 47, 20, 48, 13, 54,
     9, 47, 37, 45, 45, 16, 32,  8, 20, 21, 22, 26, 36, 37, 42, 38, 27,
    24,  7, 25, 19, 43, 29, 34, 48, 28, 46, 15, 13, 36, 21, 28, 50, 20,
    44, 44, 44, 11,  8,  8, 33, 41, 48, 50, 56, 53, 56, 21, 20, 41, 17,
    30, 51, 43, 39, 47, 47, 32, 36, 28, 28, 26, 45, 29, 12, 19, 53, 30,
    57, 13, 47, 48, 11, 32, 57, 20, 40, 20, 45, 13, 12, 31, 27],
   [18, 30, 21,  8, 60, 13, 31, 42, 38, 50, 15, 49, 15, 37, 24, 37, 17,
     9, 23, 35,  7, 47, 35, 41, 33, 53, 47,  7, 29, 48, 51, 14, 33, 33,
     6, 29, 52, 46, 55, 12, 39, 54, 42, 18, 13, 31, 35, 47, 42, 42, 36,
    38, 30, 29,  7, 31, 54, 22, 23, 22, 34, 15, 30, 55, 30, 14, 53, 49,
    23, 30, 12, 18, 49, 12, 12, 23, 28, 48, 14, 10, 43, 57, 59,  8, 44,
    31, 17, 22, 32, 36, 33, 15, 42, 46, 46, 46, 35, 43, 30, 42],
   [35, 27, 35,  9, 16, 19, 49, 46, 34,  7, 42, 16, 47, 41, 31, 44, 56,
    34, 47, 12, 17, 32, 32, 17, 30, 26, 37, 44, 35, 51, 46, 23, 24, 52,
    34, 27, 25, 45, 23,  8, 20, 19, 39, 17, 18, 14, 29, 21, 22, 35, 51,
    46, 26, 31, 53, 41, 11, 43, 51, 26, 39, 12, 25,  7, 16, 27, 16, 12,
    36, 54, 52, 45, 52, 25, 36, 47, 15, 19, 44, 26, 41, 18, 34, 17, 40,
    44, 33, 54, 57, 33, 17, 48, 45, 35, 18, 16, 37, 13, 30, 13],
   [40, 14, 10, 34, 26, 17, 34, 35, 25, 34,  8, 43, 20, 54, 46, 31, 55,
     7, 42, 50, 23, 54, 15, 24, 51,  8, 35, 25, 57, 15, 15, 32, 24, 58,
    36,  8, 47, 52, 25, 10, 21, 35, 43, 39, 52, 41, 14, 42, 17, 13, 44,
    48, 20, 27, 47, 32, 60, 10, 14, 23,  6, 34, 51, 47, 43, 53, 16, 47,
    16, 11, 17, 10, 41, 51,  9, 19, 27, 51, 13, 17, 11, 46, 23, 40, 10,
    33, 47, 42, 33, 16, 16, 19, 50, 20, 54, 14, 29, 54, 40, 48],
   [ 9, 45, 51, 43, 25, 45, 30, 13, 18, 51, 32, 24,  9, 32, 14, 44, 17,
    38, 39,  8, 39, 34, 22, 46, 53, 41, 15,  8, 24,  9, 37, 45, 14, 20,
    40,  7, 25, 38, 20, 38, 24, 15, 46,  6, 19, 56, 21, 34, 32, 56, 11,
    13, 55, 17, 19, 29, 20, 35, 10, 32, 57, 17, 33, 17, 45, 30, 16, 10,
    33, 53, 18, 59, 31, 40, 30, 11, 41, 25, 41, 41,  8, 55, 39, 54, 52,
    29, 29, 11, 51, 29, 32, 19, 37, 45, 36, 51, 10, 50, 49, 23],
   [27, 19, 53, 40, 21, 38, 35, 27, 23, 46, 35, 17, 19, 47, 46, 17, 49,
    55, 13, 54, 17, 28, 22, 42, 24, 22, 22, 20, 13, 52, 10, 53, 22, 31,
    22, 31, 30, 21, 35, 21, 18, 32, 58, 36, 34, 59, 41, 47,  9, 28, 32,
    30, 37, 33, 48, 25, 11, 34, 47,  8, 44, 22, 15, 24, 55, 33, 37, 32,
    19, 10, 49,  9, 52, 15, 21, 37, 15,  7, 22, 16, 19, 44, 23, 44, 37,
    35, 29, 34, 17, 15, 17, 20,  7, 22, 29, 24, 18, 38, 29, 24],
   [ 5, 24, 19, 40, 10, 38, 36,  7, 50,  8, 46, 42, 15, 18,  8, 21, 49,
    47, 25, 21, 57,  8, 15, 34, 54,  5, 47, 12, 36, 39, 48, 52, 53, 24,
    30, 52, 58,  6, 17, 15, 15, 46, 15, 20, 17, 57, 42,  7, 19, 33, 19,
    58, 21, 22, 13,  9, 18, 50, 38, 34, 29, 45, 35, 25, 42, 39, 52,  7,
    29, 25, 45, 49, 44,  7, 33,  6, 49, 24, 41, 54, 33, 25, 54, 31, 49,
    49, 24, 46, 22, 39, 34, 49, 12, 21, 19,  8, 46, 27, 13, 46]]
W=[2334, 2163, 2548, 2817, 2590, 2651, 2689, 2391, 2353, 2577]