MKP con n=100 y m=10
V=[23,  25,  11,  28,  90,  44,  34,  96,   9,  32,  26,  89,  32,
   30,   8,  29,  36,  43,  15,  20,  38,   9,  21,  51, 118,  29,
   83, 106,  50,  12,  56,  26,  17,  11,  69,  10,  26,  30,  85,
   30,  11,  61,  94,  23,  23,  57,  40,  51,  19,  14,  53,  13,
   26,  61,  22,  53,  84,  37,  45,  45,  30,  27, 129,  54,  14,
   99,  61,  19,  51,  20,  40,  37,  18,  18,  78,  65,  42,  38,
   93,  59,  28,  20,  29,  49,  16,  31,  73,  27,  59,  25,  63,
   59,  17, 105,  71, 102,  58,  91,  41,  77]
R=[[10, 28, 19, 14, 50, 26, 48, 16, 30, 33, 15, 21, 26, 30, 50, 20, 20,
    17, 42,  8, 40, 14, 25, 20, 24,  9, 11, 54, 18, 19, 47, 27, 14, 18,
    14, 23, 27, 19, 38, 25, 19, 27, 22, 24, 28,  4, 46, 44, 19, 21, 31,
    43, 25,  9, 26,  3, 23, 16, 23, 27, 29, 34, 12, 52, 46,  8,  9, 10,
    29,  9, 25, 25, 40, 32, 14, 26,  9, 39, 16, 41, 33, 11,  6, 13, 27,
    10, 24, 20, 15, 18, 24, 40, 49, 19, 14, 18, 37, 15, 31, 21],
   [17, 48, 30, 12, 12, 15, 47, 22, 38, 46, 48, 56, 29, 19, 19, 30, 25,
    10, 10, 15, 33,  9, 32, 31, 25, 17, 14, 25, 46, 13, 40, 23, 37, 27,
    30,  8, 11, 25, 41, 22, 24, 18, 55, 10, 23, 27, 18, 36, 22,  8, 18,
    26, 52, 18, 46, 43, 30, 45, 10,  8, 43, 12, 40, 18, 16, 13, 14,  5,
    13, 22, 20, 32, 17,  8, 21, 14, 27, 12, 47, 19, 32, 43, 43, 39, 22,
    23, 26, 27, 37, 12, 19, 34, 35, 36, 10, 49,  8, 14, 18,  6],
   [27, 29, 56, 19, 38, 19, 14, 12, 43, 12, 17,  5, 28,  3, 37,  6, 16,
    13, 18, 25, 23, 27, 24, 27, 20, 12, 40, 12, 36, 24, 22,  9, 12,  8,
    38, 32,  9, 35, 46, 16, 16, 10,  6, 13, 27, 27, 27, 11, 20, 37, 10,
    28, 10, 21, 29, 37, 20, 18, 32,  5, 33, 11, 44, 39, 26, 18, 37, 13,
    30, 42, 24, 27, 26, 13, 31, 13, 22, 40, 11, 45, 19,  7, 20, 30,  8,
    21, 13, 11, 15,  6, 41, 11, 52, 10, 46, 55, 34, 20, 15, 35],
   [24,  5, 17, 34, 54, 22,  7, 50, 29, 38, 43, 12, 18, 26,  6, 15, 48,
    27, 13, 29, 28, 33, 22,  9, 15,  8, 13, 16, 19, 12, 28,  9, 12, 53,
    24, 24, 48, 18, 21, 30, 26, 50,  9, 13, 25, 27, 14, 15, 46, 31, 26,
    11, 21, 23, 50, 16, 12, 11, 31, 48, 17, 20, 11, 28, 18, 25, 16, 11,
    31, 34, 47, 19, 23, 10, 28, 26, 13, 32, 19,  4, 16, 30, 44,  7, 24,
     6, 27,  9, 34,  9, 21, 11,  7, 14, 21, 18, 21, 34, 42, 18],
   [16, 28, 46, 12, 37, 30, 29,  3, 49, 37, 20, 20, 17, 27, 31, 12, 54,
    26, 10, 43, 15,  6, 31, 17, 38, 11, 24, 36, 30, 27, 10, 35, 28, 12,
     7, 19, 27, 12, 11, 20, 35, 26, 19, 14, 10, 36, 16, 22, 10, 17,  7,
     7, 21, 35, 48, 14, 32, 28, 26, 10, 33,  9, 24, 27, 34, 43, 26, 12,
    26, 19, 17, 16, 25, 25, 41, 17, 24, 11, 39, 34, 26, 13, 18, 20, 14,
    21, 21, 18, 22, 36, 24, 35, 24, 38, 24, 27, 29, 42, 42, 54],
   [21, 32, 32, 29,  7, 23, 31, 13, 20, 25, 17, 29, 10, 26, 29, 26, 54,
    32, 28, 54, 22, 20, 11, 10, 16, 32, 18, 15, 24, 51, 21, 36,  8,  6,
    25, 10, 20, 25, 21, 19, 18, 18, 18, 16,  8, 29, 44, 18,  7, 18, 17,
    21, 10, 39, 13, 37, 15, 18, 24, 28, 11, 21, 25, 14, 37, 24,  6, 23,
    17, 26, 47, 46, 28, 23, 31, 19, 21, 12, 26, 44, 55,  8,  9, 33, 23,
    40, 35, 21, 46,  7, 25, 27,  9, 40, 16, 42, 33, 30, 16, 31],
   [33, 39, 26, 13, 24, 18, 46, 36, 39, 24, 10, 32, 26, 35, 31, 12, 12,
    29, 37, 19, 32, 38, 44, 20, 51, 29, 37, 21, 17, 33, 45,  8,  8, 13,
    23, 18,  9, 13, 26, 29,  8, 15, 27, 10, 29, 26, 35, 14, 33, 45, 32,
    25, 10, 27, 21, 31, 40, 15,  7, 37, 55, 20, 24, 14, 23,  8, 24, 38,
    45,  7, 15, 28, 14, 14, 36, 17, 12, 19, 36,  4, 37, 16, 22, 40,  7,
    20, 13, 30, 31,  5,  8, 17, 20, 27, 43, 11, 10, 45, 11, 17],
   [21, 10,  7, 23, 39, 23, 10, 18,  4, 14, 17, 43, 30, 56, 12, 21, 41,
    21, 11, 18, 16, 33, 13,  9,  9, 22, 25,  9, 16, 21, 17, 21,  4, 42,
    55, 31, 21, 20, 22, 16, 42, 48, 15, 37, 12, 10, 51, 25,  8, 12, 19,
    19, 21, 17, 13, 24, 24, 16, 33,  8, 14, 26,  7, 27,  8, 30, 20, 21,
    37, 15, 17, 40,  8, 14, 35, 38, 21, 21, 25, 29, 12, 35, 53, 12,  8,
    25,  7, 23, 26, 42, 25, 19, 29, 31, 30, 12,  5, 32, 19, 17],
   [12, 17, 24, 34, 52, 17, 23, 16, 11, 16, 28,  7, 19, 34, 19, 15, 20,
    18,  6, 25, 23,  6, 41, 19, 15, 29, 15, 43, 25,  6, 15, 10, 25, 10,
    13, 16,  9, 26, 27, 33, 29, 35, 13, 14, 13, 20, 21, 40, 31, 14, 30,
    19,  9,  7, 43, 18,  6, 53, 17, 43, 21, 18, 14, 37, 28, 28, 49, 22,
     7, 51, 18, 21, 49, 26, 29, 14, 12,  9, 32, 32, 19, 18, 13, 22,  7,
    24, 26, 10, 32, 16, 16,  6,  5, 30, 12, 45, 13, 16, 37,  8],
   [39, 24, 24, 45, 33, 31,  9, 11, 29, 11, 33, 25, 16, 35, 19, 16, 38,
     9,  5, 21, 11, 47,  9, 10, 44, 13,  9, 53, 26, 12, 41, 31, 18, 37,
    16, 24, 11,  7,  7, 37, 19, 16, 37, 17, 10,  6, 26, 23, 40,  6, 21,
    11,  7, 19, 11,  9, 33, 28, 20,  6, 26, 26, 21,  9, 57, 33,  8, 16,
    13,  9, 10,  9, 17, 28, 21, 11, 22, 22, 39, 21, 14, 15, 27, 41, 23,
    13, 10, 16,  9, 44, 11, 24, 23, 49, 31, 35,  7, 13, 28, 20]]
W=[2024, 2061, 1833, 1794, 1954, 1948, 1885, 1834, 1504, 1887]