MKP con n=100 y m=10 
V=[33,  65, 102,  15,  70,  31,  21,  15, 141,  38,  70,  41,  89,
   43,  82,  34,  19,  21,  13,  37,  11,  34,  50,  45,  10,  16,
   34,  97,  23,  42,  18,  62,  58,  66,  45,  31,  58,  81,  32,
   56,  22,  81,  52,  35,  34,  50,  37,  62,  58,  51,  26,  50,
   40,  75,  57,  70,  23,  43,  38,  23,  47,  38,  60,  26,  56,
   39,  52, 106,  74,   9,  59,  19,  31,  20,  22,  74, 112,  51,
   73,  53,  43,  24,  67,  36,  66,  69,  33,  80,  58,  80,  65,
   14,  84,  84,  22,  53,  51,  50,  69,  20]
R=[[26,  4, 25,  8, 47, 15, 39, 22,  3, 27, 14,  6, 16, 15, 35, 41, 13,
    23, 36, 12,  8, 19, 21, 13, 43,  5, 19, 25, 21, 26, 34, 10,  3, 14,
    23, 16, 18, 29,  6, 17, 24, 40,  3, 10, 27, 21, 11,  7, 42, 32, 15,
    30, 15, 29, 29, 11, 20, 19, 40, 20, 24, 27, 40, 52, 45, 45,  7, 17,
    23, 13, 20, 10,  9, 15,  9,  6, 28, 29, 24, 31, 15, 17, 21, 18, 49,
    21, 17,  6,  6, 11, 49, 40, 31, 16, 18, 46,  9, 20, 12,  9],
   [12, 38, 23, 21, 52, 36, 14, 12, 50,  6, 17, 14, 34, 20,  6,  9,  6,
    19, 13, 53, 33, 13, 21, 21, 32, 24, 27, 12, 26, 35,  8, 36, 11, 26,
    19, 21,  6, 21, 13, 19, 52, 32, 30, 11, 16, 54, 22, 14, 27, 11, 22,
    14, 12,  8, 34, 30, 28, 21, 10, 17, 20, 20, 12, 56, 10, 40, 37, 11,
    14,  8, 56, 22, 17, 11, 13, 21, 46, 12, 36, 29, 24, 18, 43, 30, 37,
    13, 13,  5, 31, 32, 30, 36, 13, 26, 25, 13, 10, 24, 26, 19],
   [33, 31, 26, 20, 38, 35, 15, 25, 10, 19, 13, 36,  9, 18, 30, 15, 38,
    15, 12, 37, 12, 31,  4, 15, 23, 13, 33, 45, 18, 21, 36, 28, 11,  4,
    28, 27, 19, 17, 26, 11, 21, 39, 32,  8, 29, 33, 29, 16,  4, 41, 30,
    53,  8,  6,  6, 21, 23, 40, 27, 28, 32, 10, 37, 12, 26, 28, 22, 22,
    34, 16, 12, 13, 33, 22, 26, 55, 24, 29, 34, 10, 13, 23, 41, 28, 17,
    29, 11, 40, 17, 32, 25, 21, 22, 14, 36, 33, 11, 30,  8,  8],
   [13, 13, 25, 19, 29, 41, 13, 11, 34, 15, 34, 14, 30, 12, 26,  6, 24,
    35, 23,  9, 22, 21, 10, 37, 24, 14, 23, 13, 11, 24, 13, 13, 10, 10,
    34, 35, 30, 39, 35, 16, 10, 15, 30, 22, 21, 33, 57, 23, 44, 56, 18,
     7, 26, 48, 23, 20, 29, 33,  8, 11, 38, 22, 47, 31, 39, 22,  5, 39,
    39, 20, 42, 12, 13, 55, 13, 20, 10, 16, 25, 42, 11,  8, 53, 13, 16,
    15, 25, 17, 18, 34, 18, 17, 25,  9, 51, 36, 15, 30, 19,  4],
   [29, 45, 26, 45, 36, 19, 19,  5,  8, 13, 50, 20, 16, 18, 36, 21, 35,
    28, 13, 11,  5, 18, 33, 18,  8, 12,  6, 27, 38, 19, 49, 22, 25, 18,
    41, 19, 35, 44, 43, 32, 11, 21,  8, 17,  8,  8, 21, 32, 29, 23,  8,
    25, 20, 20, 17, 15, 20, 37, 30, 14, 40, 23, 18,  6, 33, 19, 48, 33,
    20, 24, 36, 10, 11, 17, 21,  8, 13, 24, 23, 12, 41, 16, 16, 36, 18,
    16, 20, 13, 12, 22, 31, 17, 16, 45, 23, 38, 20, 21, 20, 22],
   [15, 12, 16, 17, 30, 29, 16, 24, 13, 38, 20, 21, 24, 12, 19,  8, 45,
    29, 42, 22, 25, 17, 16, 40, 26, 23, 30, 31, 42, 23, 12, 18, 35, 28,
    42, 38, 24, 19, 20, 23, 22, 19, 21, 17, 10, 53, 20, 29, 13, 31, 23,
    24, 21, 21, 40, 28,  8,  8, 38, 27, 10, 15, 43, 39, 27, 34, 37, 51,
    14, 18, 20,  9,  9, 38, 18, 36, 30, 45, 21, 56, 15, 26, 20, 25, 17,
    26, 33, 57, 19, 26, 16, 23, 39, 10, 24, 58, 11, 17, 44, 20],
   [33, 12, 27, 34, 15, 39, 18, 15,  8, 24,  9, 11, 18, 18, 10, 10, 49,
    24, 35, 19, 28, 27, 18, 41,  7,  8, 48, 14, 14, 12, 12, 15,  8, 21,
    41, 43, 12, 29, 12, 12, 29, 12, 16, 18,  7, 11, 17, 17, 20,  9, 29,
    30, 29, 34, 39,  9, 13, 12, 17,  9, 11, 20, 12, 15, 29, 23, 12, 15,
    12, 54, 17, 23, 23,  7, 10, 31, 16, 19, 16, 18, 25, 53, 25,  9, 26,
    31, 59, 35, 33, 39, 21, 31, 19, 43, 45, 29, 41, 14, 40, 11],
   [14,  5, 28, 22, 53, 23, 13, 47, 22, 24, 25, 24, 40, 45, 14, 31, 32,
     8, 22,  5, 16, 20, 37, 38, 48, 14, 38, 52, 18, 21, 23, 15, 25, 10,
    24, 19, 34, 21, 28, 12, 13, 20, 14, 19, 19, 24, 52, 29, 21, 18,  9,
    23, 27, 13, 30, 11, 18, 23, 16, 41, 16, 13, 32, 10, 32, 10, 29, 38,
    31, 56, 19, 13, 14, 39, 14, 29, 38,  6, 11, 30,  6,  9, 35, 22, 14,
    30, 11, 32, 29,  8, 12,  8, 54,  9, 16, 18, 36, 11, 52,  9],
   [13, 25, 39, 20, 17, 19, 54, 37, 32, 21, 18, 17, 14, 49, 32, 40, 13,
    11, 30, 10, 48, 16, 23, 52, 15, 36,  6, 40, 12,  4, 11, 54, 34, 10,
    17, 13,  6,  7, 54, 26, 14, 10,  7, 31, 23, 51, 54, 15, 20, 43, 19,
    22, 18, 47, 20, 31, 14, 29, 32, 13, 45, 18, 11, 19, 26, 17, 28, 22,
     6,  6, 16, 10, 15, 19, 12, 14, 23, 40, 25, 33,  4, 11, 23, 27, 10,
    25, 22, 10, 28, 18, 22, 15, 12, 15, 21, 32, 24, 13, 42, 20],
   [15, 12, 14, 58, 39, 22, 23,  6,  7, 35, 31, 12, 30, 17, 22, 19, 13,
    21,  8, 18, 28, 54, 33, 26, 38, 13, 56, 39,  9, 15, 20, 25, 21, 42,
    51, 10, 22, 29, 16, 15, 17, 20,  9, 34, 27, 10, 32, 23, 46, 21, 15,
    26, 25, 55, 23, 46, 41,  8, 20, 15, 24, 24, 30, 47, 26, 17, 23, 26,
    14, 10, 41, 19,  9, 16, 36, 33,  7, 35, 16, 35,  5, 12, 15, 17, 17,
     9, 46, 22, 11, 16, 41, 12, 42, 26, 10, 12, 29, 17,  7, 25]]
W=[1469, 1942, 1911, 1994, 1841, 2068, 1789, 1868, 1857, 1980]