MKP con n=100 y m=10
V=[71, 154,  33,  19,  35,  39,  22,  13,   8,  59,  27,  34, 112,
   24, 103,  40,  53,  40,  52, 111, 145,  51,  22,  26,  67,  28,
   38,  11,  61,  60,  53,  57,  82,  72,  28,  81,  47,  41,  74,
   63,  31,  77, 126,  22, 139,  37,  89, 100,  12,  20,  84,  77,
   51, 114,  20,  53,  29,  40,  16,  36,  43,  82,  39,  62,  27,
   67,  17,  23,  35,  60,   8,  40,  50,  29,  34,  34,  71,  47,
   42,  79,  63,  61,  22,  14,  67,  13,  38,  31,  61,  19,  51,
   38,  48, 100,  48,  64,  19,  56,  57,  39]
R=[[32, 13, 18,  8, 26, 43, 25, 18,  4, 12, 11, 19, 22,  6, 47, 33, 37,
    23, 27, 24, 51, 16, 35, 17, 36, 17,  4, 30, 33, 35, 18,  7, 14, 28,
    39, 56, 43, 30, 20, 30, 39, 16, 32, 46, 29, 31, 23, 26, 22, 23, 41,
    21, 26, 43, 43,  9, 18, 45, 20, 11, 33, 38, 37, 46,  9, 13, 14, 20,
     5, 19,  3, 16, 17, 30, 43, 21, 17, 17, 27, 22, 26, 24, 20, 29, 44,
    24, 24, 35, 24, 16, 15, 45, 55, 36, 32, 24, 31, 14, 27, 20],
   [44, 33, 22, 35, 36, 46, 21, 21, 47, 34, 12, 17, 25,  3, 25, 19, 22,
    16, 44, 18, 28, 15, 12, 21, 10, 13, 23, 29, 19, 20, 24, 20, 21, 16,
    38, 22,  4, 12, 32, 13, 16, 29, 47, 14, 54, 16, 11, 20, 29, 14, 11,
    28, 20, 11, 13, 31, 27, 14, 34, 21, 19, 39, 29, 16, 25, 20,  4, 11,
    12, 11, 10, 11, 49, 19, 29, 60, 33, 11, 30, 17, 42, 36, 26, 29, 49,
     5,  7, 39, 58, 51, 24, 29, 29, 19, 30, 14, 16, 24, 40, 28],
   [38, 47, 22, 28, 12, 26, 35, 22, 25, 18, 22, 32, 28,  8,  7, 36, 46,
    22, 41, 27, 18, 30, 24,  3, 42, 48, 25, 10, 46, 21, 10, 35, 34, 21,
    13, 27, 10, 10, 30, 56, 13, 36, 24, 21, 15, 55, 44, 45, 23, 22, 21,
    25, 39, 43, 11, 19, 22, 17, 26, 23, 15, 25, 19, 14, 13,  9, 38, 28,
    26, 12, 10, 23, 17, 25, 50, 53, 12, 23, 21, 39,  6, 34, 41, 55, 13,
     9, 24, 24, 15, 39, 34, 21,  8, 26, 18,  8, 43, 20, 34, 18],
   [25, 18, 14,  5, 39, 24, 17, 31, 13, 51, 14, 26, 38,  9, 12, 17, 21,
    47,  7, 28, 22, 38, 12,  9, 11,  6, 42, 17, 40, 42, 19, 28, 45, 31,
    42, 27, 44, 17, 11, 25, 15, 24, 38, 32,  9, 18, 39, 20, 18,  9,  3,
    38, 11, 18, 35, 18, 48, 37, 10, 38,  7, 23, 17, 21, 18, 25, 12, 22,
    16, 23, 35, 29, 15, 30, 12, 21, 22, 17, 37, 52, 13, 19, 14, 31, 38,
    33, 22,  9, 18, 29, 13, 12,  8, 27, 25, 43, 13, 37, 11, 21],
   [26, 35, 22, 44, 19, 20, 12, 28,  3, 39, 32, 28, 43, 13, 11,  8, 21,
    55, 33, 12, 23, 39, 12, 20, 20, 27, 39, 26,  9,  5, 43, 23, 52, 36,
    32, 49, 18, 12, 19, 16, 54, 48, 22, 22, 34, 16, 13, 29, 44, 52,  8,
     6, 31, 34,  4, 34, 11, 11, 18, 30, 16, 46,  8, 24, 45, 34, 20, 16,
    15, 30, 31, 18, 19, 47, 34, 15, 52, 34, 18, 42, 30, 26,  9, 30, 16,
    37, 14, 31, 18, 12, 22, 18, 17, 47, 21, 35, 26, 17, 52, 14],
   [24, 45, 18, 19, 28, 32,  9, 34, 49, 22, 24, 19, 26, 17,  6,  9, 21,
    49, 16, 21, 16, 33, 20, 14, 23, 14, 32, 22, 34, 31, 46, 18, 31, 17,
    24,  7, 11, 22, 10, 37, 13, 33, 13, 14,  8, 16, 30,  7,  6, 53, 35,
    26, 51, 10, 17, 20, 11, 51,  7, 11, 17, 16, 24,  3, 40, 12, 17, 21,
    17, 10, 10, 18, 28, 15, 21, 19, 15, 29, 17, 11, 21, 32, 31, 25, 16,
    41, 12, 40, 30, 21, 12, 21, 21, 40, 10, 23, 14,  7, 21, 10],
   [11, 36, 40, 18, 19, 26, 13,  8,  7, 26, 14, 47,  4, 27, 35, 15, 47,
    37, 20, 26, 30, 24, 17, 42, 13, 19, 40, 21, 48, 14, 31, 13, 25, 45,
    49, 15, 11, 16,  4, 18, 20, 13, 16, 10, 18, 10, 34, 20, 15, 17, 24,
    15, 27, 27,  8, 10, 18, 18, 25, 25, 34, 51, 15, 21, 22, 10, 44, 41,
    24, 10, 10, 16, 13, 13, 19, 23, 26, 26, 12, 23, 36, 25,  8, 22, 26,
    15, 17, 18, 21, 14, 57,  3, 45, 12, 23, 21, 13, 21, 11, 13],
   [45, 29,  6, 12, 25, 21, 27,  9, 15, 29, 25, 19, 30, 20, 30, 22, 35,
    53,  7, 55, 24, 24, 42,  6, 33, 21, 38, 28, 11, 15, 35, 19, 14, 21,
     4, 21, 21, 16, 10, 33, 21, 24, 23, 29, 10, 30, 21, 11,  3, 30, 35,
    25, 24, 15, 52, 27, 20, 13, 24, 17, 31, 16, 22, 10,  9,  7, 56, 21,
    16,  9, 21, 34, 24, 18, 11, 10, 32, 18,  8, 16, 20, 11, 17, 18, 15,
    38, 11, 17, 31,  7,  7, 23,  5, 26, 50,  5, 23, 16, 14, 11],
   [22, 58, 13, 14, 11, 21, 22, 30, 39, 40, 21,  5, 42, 16, 12,  4, 28,
    38, 22, 33, 20,  5, 15, 36, 48, 12,  6,  7, 51, 27, 23, 19, 23, 35,
    13, 20, 15,  9, 14, 29, 36, 16, 48, 23, 45, 31, 46, 20, 23, 50, 10,
    15, 14, 31, 18, 27, 24, 40, 19, 20, 11, 16, 28,  5, 28, 15,  8, 19,
    21, 44, 13,  6, 31,  9, 19, 15, 41, 29, 11, 19, 14, 34, 22, 10,  8,
    12, 45, 17, 16, 21, 22, 36, 19, 13, 22, 30, 38, 34, 40, 18],
   [51,  7, 13, 26, 16, 37, 21,  6, 49, 10, 12, 25, 23, 18, 22, 34, 12,
    20, 11, 20, 21,  9, 11, 10, 29,  8, 40, 22, 15, 20, 41, 21, 26, 13,
    18, 38, 19, 15,  9, 17, 23, 35, 17, 11, 48,  4, 10, 47, 30, 38, 18,
    50, 21, 28, 12, 42, 10, 38, 19, 21, 16, 12, 15, 35, 36, 35, 18, 32,
    11, 15, 34, 17, 35, 28, 20, 22, 23, 16, 29, 18, 47, 45, 19, 10, 17,
    11, 13, 15, 21, 15,  3,  9, 18, 17, 22, 20,  9, 43, 18, 24]]
W=[2056, 1937, 1707, 1985, 2072, 1711, 1833, 1726, 1886, 1859]