MKP con n=100 y m=10
V=[17,  31,  31,  59,  16,   7,  29,  26,  53,  77,  15,  48,  42,
   29,  43,  84,  25,  28,  51,  40,  22,  24,   8,  31,  20,  32,
   30,  41,  28,  65,  58,   9,  58,  62,  36,  10,  42,  19,  40,
   48,  28,  16,  69,  29,  48,  35,  49,  42,  28,  84,  75,  49,
   11,  33,  56,  46,  34,  23,  52, 101,  45,  66,  63,  15,  49,
   93,  31,  60,  54,  40,  37,  91,  31,  14,  13,  64,  35, 100,
   64,  46,  73,  66,  68,  94,  32,  14,  37,  37,  60,  95,  42,
   34,  29,  24, 117,  86,  66,  38,  45,  47]
R=[[31, 29, 51, 46, 10, 10, 35, 35, 38, 18, 36, 13, 24, 28, 41, 12, 36,
    12, 27, 30, 11, 15, 23, 14, 56, 18, 25, 24, 23, 43, 35, 24, 21, 20,
    11, 20, 18, 17, 44,  8,  9, 13,  8, 26,  6, 20, 16, 10, 11,  6, 26,
    20, 36, 40, 47, 24, 11, 10, 30, 12, 12, 13, 44, 25, 20, 14, 15, 27,
    13,  3, 19, 32, 44, 25, 22, 23, 11, 15, 11, 21, 18, 33,  7, 22, 43,
    17, 17, 11, 23, 55, 13, 24, 19,  9, 21, 12, 40, 53, 26, 18],
   [15, 26, 12, 30,  8, 41, 32,  9, 33,  5, 22, 21, 28, 42, 32, 17, 11,
    12, 15, 30, 17, 26, 12, 16,  7,  7, 12, 16, 39,  8, 32, 19, 31, 32,
    13, 34, 15, 32, 22, 27, 13, 19, 24, 59, 13, 30, 15, 30, 10, 39, 38,
    35, 14, 35, 42, 12, 13, 19, 25, 13, 34, 23, 22, 21, 11, 19, 28, 27,
    12, 42, 24, 27, 16, 17, 12, 14, 14, 22, 60, 14, 34, 26, 21, 13,  8,
    17,  4, 17, 19, 15, 26, 20, 20, 31, 23, 37,  8, 31, 13, 33],
   [41, 14, 14, 16, 17, 31, 12, 10, 27,  6, 10, 12, 10,  9, 15,  7, 14,
    39, 32, 43, 35, 15, 33, 44, 28, 12, 11, 25, 11, 24, 10,  4, 31,  8,
    27,  4, 27, 18, 19, 20, 14, 20, 41,  9, 11, 23, 24, 32, 25, 12, 28,
    26, 19, 24, 10, 15, 44, 17, 18, 18, 12, 51, 39,  9, 14, 34, 32, 16,
    36, 13, 11, 15, 47,  9, 27, 10, 24, 17, 55, 24, 18, 46, 16,  5, 16,
    20, 19, 46, 17, 12, 18, 15, 11, 18, 24, 27, 25, 37, 10, 29],
   [13, 43, 40, 17,  6, 20, 12, 40, 27, 34, 15, 16, 12, 33, 16, 55, 56,
    17, 12, 17, 18, 42, 55, 39, 21, 50, 32, 30, 55, 12, 46, 11, 32, 14,
     9, 21, 20, 58, 28, 20, 21, 27, 20, 30, 19, 10,  7, 47, 37, 47, 32,
     8, 39, 13, 16,  9, 30, 10, 32, 46, 33,  9, 12, 24, 10, 32, 13, 43,
    47, 15, 27, 16, 14, 36, 25, 33, 15, 14, 29, 23,  8, 34, 23, 16, 19,
    11, 23, 13, 11,  4, 21, 47, 20, 27, 36, 54, 30, 40,  8,  8],
   [ 8,  7, 21, 47, 13, 11, 18, 36,  9,  7, 32, 14, 39, 10, 45, 35, 38,
    29, 20, 18, 39, 45, 46, 13,  9, 16, 13, 18, 24, 22, 30, 30, 43, 13,
    24, 31, 34, 47, 21, 17, 27, 15, 18, 49, 15, 31, 30, 28, 47,  6, 14,
    37, 25, 10, 32, 21, 12,  6, 10, 50, 41, 11, 32, 36, 29, 26, 32, 28,
    33, 17,  9, 57, 24, 43, 18, 41,  9,  7, 29,  9, 19, 17, 11, 45, 11,
    39, 35, 21, 51, 23, 12, 10, 15, 31, 16, 17, 11,  5, 21, 19],
   [ 9, 26, 35, 26, 19, 20, 23, 20, 25, 12, 31, 16, 25, 12, 15, 26, 17,
    16, 15,  9, 16, 47, 26, 15, 20, 14, 12, 17, 33, 11, 30, 41,  9, 17,
    17, 24,  8, 21, 13, 19, 15, 36, 41, 12, 19, 19, 11, 44, 12, 11, 27,
    49, 24, 31, 22, 17, 20, 36, 21, 36, 20, 19, 16, 49, 27, 13, 45, 20,
    22, 21, 46, 43, 31, 37, 37, 52, 17, 15, 28, 39, 34, 53, 14, 28, 21,
     7, 22, 47, 25, 24, 11, 12, 32, 21, 51, 35, 22, 48, 13, 29],
   [30, 17, 54, 17, 35, 40, 20, 34, 28, 38, 15, 32, 24, 36, 20, 39, 18,
    23, 35, 39, 15, 16, 39,  8, 34, 13, 13, 40, 23, 19, 21, 36, 24, 16,
    16, 35, 23, 47,  9, 36, 12, 20, 11, 30,  5, 22,  8, 20, 31, 29, 12,
    17, 15, 20, 23, 28, 15, 54, 29, 53, 12, 28, 26, 28, 23, 50, 17, 14,
    35,  9, 43,  9, 19,  5, 25,  9, 45, 29, 15, 43, 28, 32, 31, 41, 16,
    25, 36, 14, 25,  8, 18, 15, 11, 31, 13, 28, 15, 16, 23, 11],
   [14, 38, 23, 38, 35, 29, 49, 36, 31, 43, 31, 14, 45, 22,  4, 43, 19,
    23, 12, 19, 25, 19,  6, 35, 11,  6, 19, 53, 30, 29,  8, 36, 24, 30,
    40, 10, 13,  9, 41, 30, 18, 19, 32,  5, 40, 40, 16, 34, 19, 18,  8,
    51, 17, 14, 32, 11, 15, 18, 34, 13, 23, 23, 28, 30, 49, 25, 54, 48,
    18, 12, 27, 41, 13, 16,  5, 49, 27, 24, 20, 25,  6, 21, 13, 16, 10,
    57, 23, 31, 13, 22, 26, 31, 12, 38, 41, 30, 25, 39, 35, 24],
   [26, 14, 14,  8, 16,  6, 39, 25, 30, 12, 10, 23, 18, 17, 12, 12, 18,
    17,  8, 46, 32,  9, 53, 21,  9, 40, 23, 17, 12, 34, 22, 22, 21, 17,
    18,  9, 34, 37,  8, 29, 16, 12, 22, 11, 11, 20, 15, 11, 55, 17,  8,
    54,  6, 14, 16, 44, 27, 13, 50, 33, 26,  7, 23, 34, 43, 28, 31, 36,
    23, 14, 37, 19, 30, 10, 24, 31, 23, 38, 25,  9, 42, 42, 18, 10, 21,
    23, 21, 43, 36,  6, 45, 27, 22, 42, 23, 15,  7, 16, 26, 37],
   [21, 26, 13, 26, 12, 12, 17, 26, 14,  7, 41, 14, 12, 10, 20, 17, 34,
    22, 46, 25, 15, 32, 22, 32,  6, 27, 42, 19, 14, 19, 22, 53, 17, 38,
    40,  6, 14, 13, 19, 42, 27, 13, 27, 19, 17, 14, 16, 43, 22, 29, 25,
    33, 41, 30, 16, 24, 10, 37,  9, 18, 25, 32, 39, 24, 27, 39, 47, 20,
    14, 18, 21,  9, 25, 34, 21, 14,  7, 54, 17, 14,  9, 38, 36, 41, 16,
    17,  4, 13, 12,  9, 14, 28, 45,  9, 12,  5, 13, 17, 14,  7]]
W=[2014, 1864, 1777, 1664, 1955, 2000, 2047, 2080, 1865, 1731]