MKP con n=100 y m=10
V=[ 32,  91,  31,  24,  84, 106,  65,  24,  20,  53,  71,  58,  12,
    12,  93,  38,  56,  54,  17,  42,  24,  26,  48, 113,  22,  62,
    35,  24,  28,  35,  10,  20,  79,  38,  23,  31,  49,  55,  15,
    23,   9,  18,  13,  61,  22,  70, 104,  36,  39,  31,  65,  15,
    41,  80,  45,  71,  20,  89,  19,  49,  71,  52,  54,  63,  31,
    48,  16,  16,  32,  66, 119,  29,  78, 100,  23,  14,  32,  40,
    39,  19,  45,  40,  22,  15,  89,  17,  60,  65,  75,  41,  53,
   119,  56,  52,  48, 105,  39,  68,  92,  44]
R=[[21, 31, 19, 19, 23, 22, 24, 29, 15, 21, 11, 16, 23, 56,  6, 12, 22,
    22, 22, 31, 39, 26, 30,  7, 10, 31, 15, 21, 15, 22,  8, 10, 23, 31,
    11, 13, 23,  7, 28, 21, 25, 38, 46, 15,  7, 53,  3, 31, 17, 19, 18,
    23, 14, 32, 29, 43,  8, 21, 14, 15, 26, 14, 55, 32, 25, 22,  9, 40,
    42, 26, 55, 18, 27, 31, 17, 41, 10, 16,  8, 14, 39, 15, 14, 35, 14,
    36, 36, 23, 20, 17,  8, 33,  5, 11, 33, 12, 35, 11, 14, 28],
   [12, 25,  3, 13, 32, 16, 11, 40, 45, 33,  9, 12, 30,  5, 41, 18,  6,
    32, 50, 22, 16, 19, 14, 29, 19, 10, 24, 11, 21, 33, 26, 39, 39, 20,
    49, 35, 13, 37,  7,  9, 13, 37, 37, 24, 13, 25, 11, 24,  7, 25, 33,
    10, 14, 18, 26, 20, 17, 27, 22, 29, 20, 29, 45, 15, 26, 10, 15, 42,
    15, 28, 14, 21, 34, 23, 53,  9, 49, 12, 11,  6, 12, 19, 20, 45, 17,
    20, 23, 34, 10, 29, 22, 19,  5, 30, 12, 15, 24, 43, 42, 21],
   [20, 24, 35, 14, 49, 25, 33, 12, 33, 18, 23, 27, 12, 25,  7, 18, 26,
    36, 28, 12, 42, 13, 16, 47, 10, 30, 18, 28, 14, 32, 21, 47, 19, 16,
    14, 25, 49, 37, 37, 24, 18, 14,  7, 34, 14, 13, 15, 23, 20, 19, 11,
    12, 23, 21, 14, 14, 19, 35, 11, 50, 17, 16,  7, 20, 25, 12, 10, 10,
     9,  8, 31, 16, 21, 47, 25, 38, 35, 26, 22, 38, 24, 20, 10, 19, 12,
    11, 44, 25, 20,  8, 31, 27, 22, 14, 26,  5, 26, 15, 18, 19],
   [38, 13, 29, 11, 21, 13, 16, 15, 19, 28, 25, 32, 23,  7,  6, 37, 18,
    15,  6, 12,  6, 31, 11, 13, 14, 35, 33, 12, 37, 31,  4, 14, 35, 35,
    41,  9, 18, 25, 45, 36, 43, 26,  7, 13,  9, 33, 11, 16, 35, 19, 11,
    14, 25, 24,  9, 24, 16, 16, 11, 17, 11, 10,  5, 16, 19, 41, 26, 31,
     4, 23, 27, 43, 15, 43, 12, 47, 14, 13, 46, 10, 11, 10, 17, 38, 36,
     45, 31, 36, 25, 23, 22, 16, 15, 48, 19, 36, 19, 19, 53, 25],
    [12, 17, 23, 11, 36, 46, 17, 24, 10, 32, 31, 39, 12, 26, 34, 20, 25,
     46, 13, 38, 26, 32, 27, 18, 12,  5, 41, 23, 24, 17, 11, 28, 30, 25,
     20, 32, 14, 53, 22, 37,  5, 16, 45, 22, 18, 23,  7, 29, 14, 29, 51,
     15, 29, 10, 24, 48,  8, 30,  7, 45, 26,  8, 13, 32, 30, 29, 24, 22,
     10,  7, 12, 41, 33, 22, 12, 13, 36, 41, 29, 13, 29, 21,  8,  9, 11,
     22, 13, 29, 15, 46, 20, 17, 29, 28, 12, 38, 15, 28, 17, 27],
    [17, 34,  8, 41, 11, 20, 22, 28, 11, 16, 14, 29,  8, 43, 47, 10, 40,
     26, 50, 34, 19, 10, 16, 48, 23, 31, 10, 21, 12, 46, 37, 26, 37, 26,
     28, 15, 36, 29, 16, 19, 20, 19,  8, 20, 20, 11, 21, 38, 31, 53, 27,
     20, 48, 54, 39, 12, 31, 48, 33, 43, 11, 19, 11, 19, 15, 55, 35, 27,
     15, 31, 43, 13, 17, 25, 30, 37,  6, 20, 29, 17, 10, 23, 30, 25, 43,
     49, 22, 19, 41, 17, 22, 38, 17, 18, 21, 21, 11, 12, 10, 23],
    [13, 33, 23, 29, 28, 37, 25, 16, 35, 29, 17, 13, 25, 37, 37, 19, 35,
     34, 12, 34, 15, 16, 28, 37,  9, 19, 23, 19, 22, 44, 16, 33, 13, 10,
     20, 13, 17, 41, 17, 14, 19,  7,  8, 27, 26, 29, 49, 21, 35, 23, 11,
      7, 31, 19, 34, 25, 37, 36, 18, 29, 32, 32, 24, 14, 17, 41, 17, 31,
     42, 27, 15,  8, 21, 22, 35, 22, 16, 39, 17, 12, 41,  8, 33, 25, 43,
     11, 10, 34, 31,  7, 23, 37,  9, 25, 38, 38, 41, 13, 19, 44],
    [18, 12, 28, 15, 10, 11, 21,  7, 47, 23,  9, 36, 32, 14, 43, 20, 20,
     43, 48, 15, 14, 13,  6, 57, 35, 25, 47, 15, 25, 31, 25, 26, 19, 35,
     43, 15, 20, 40, 21,  9, 18, 11, 11, 24, 27, 31, 46, 16, 16, 32, 20,
     31, 38, 34, 29, 48, 51, 38,  5, 28, 32,  7, 30, 17, 30,  7, 37, 10,
     11, 25,  4, 31, 42, 12, 27,  9, 38,  7, 46, 22, 26, 18, 27, 13,  8,
     31, 35, 20, 14, 21, 32, 46, 15, 11, 16, 15, 15,  7, 24, 14],
    [19, 10, 11, 20, 44, 24, 22, 13, 47, 42,  5, 12, 46, 36, 26, 20,  9,
     47, 29, 38, 11, 19, 26, 22, 14, 10, 20, 11,  4, 24, 32,  8, 19, 32,
     24, 23, 37, 37, 21, 35,  9, 43, 20,  9, 29,  9, 22, 15, 24, 27, 28,
     18, 18, 50, 22, 28, 10, 51, 35, 22, 22, 17, 34, 28, 27, 27, 14, 48,
     15, 14, 33, 14, 24, 50, 28, 11, 36, 17, 15, 21, 14, 18, 21, 23, 32,
     37, 21,  8,  6, 32, 18,  3, 14, 34, 12, 31, 46, 12, 31, 22],
    [11, 37, 13,  8, 49, 27, 31,  5, 23, 15, 19, 17, 29, 47, 12, 10, 36,
      9, 16, 19, 49, 35, 13, 35, 41, 29,  7, 11, 10, 32, 41, 35, 15, 16,
     33,  9, 10, 12, 14, 14, 23, 14, 43, 21, 14, 16, 15, 28, 15, 28, 23,
     39,  8, 16, 21,  6, 28, 15, 51, 11, 31, 25, 21, 37, 20, 22, 39,  8,
     29, 11, 18, 19, 17, 18, 13, 13, 38, 20,  9, 37, 36, 20, 12,  7, 43,
     19, 22, 59, 29, 22, 26, 29, 38, 19, 38, 37, 13, 45, 43, 53]]
W=[1737, 1740, 1792, 1864, 1641, 2033, 2137, 1833, 1953, 1969]