MUKP con n=1000 y m=20
V=[ 38,  20,  65,  16,  22,  56,  16,  20,  17,  26,  38,  91,  38, 125,  33,  71,  14,  22,  19,  45,  31,  48,  78,  29,  53, 111,
    80,  80,  15,  38,  59,  46,  61,  17,  95,  50,  19,  55,   8,  41,  28,  57,  78,  36,  82,  24,  19,  59,  35,  41,  33,  26,
     5,  14,  29,  16,  41, 114,  10,  35, 147,  22,  60,  60,  26,  59,  79,  14,  25, 144,  24,   9, 168,  58,  11,  32,  71,  52,
    18,  61,  11,  43,  38,   5,  66,  76, 127, 119,  75,  38,  13,  30,  42,  63,  48,  47,   4,  15,  28,  44,  30,  53, 111,  13,
    53,  13,  99,  56,  38,  72,  35,  69,  59,   6,  15,  17,  81,  11, 116,  31,  22,  72,   9,  11,  62, 120,  24,  32,  91,  14,
    67,  85,  70,  89,  30,  65,  98,  93,  15, 104,  70,  87,  12,  77,  96,  75,  66,  37,  33,  16,  67,  17,  20,  35,  45,  19,
    70,  62,  56,   5,  13,  31,  92,  29,  52,  61,  97,  88,  59,  25,   6,  38,  34,  15,  18,  11,  33,  13,  24,  80,  49,  17,
   102,  42,  45,  66,  19,  70,  21,  44,  13,  25,  58,  27,  19,  68,  14,  38,  18,  16,  16,  31,  87,  34,  25, 104,  71,  79,
    42,  32,  85, 137,  49,  12,  78,  35,   6,   8,  23,  39, 109,  37,  61,  54,  48,  38,  11,  45,  18,  98, 114,  21,  71, 123,
    70,  10,  26,  90,  23,  47,  65,  45,  55,  29,  17,  69,  42,  34,  48,  83,  13,  37,  69,  42,  88,  38,  43,  98,  31,  65,
    10,  39,  17,  69,  43,   5,  26,  69,   7,  33,  40,  96,  72, 102,  60,  15,  69,  47,  51,  56,  88,  25,  58,  67,  17,  69,
    18,  15, 133,  21,  20,  63,  18,  23,  68,  72,  65, 102,  26,  53,  55,  65,  37,  43,  19,  49,  59,  39,  91,  13, 129,  65,
    27,  24,  63,  34,   8,  69,  26,  55,  26,   4,  60,  19,  13,  48,  17,  70,  43,  54, 131,  14,  54,   7,  69,  32,  13,  23,
    25,   5,  12,  49,  68,   8,  96,  99,  77,  15,   5,  66,  20,   2,  24,  35,  68,  55,  10, 118, 101,  64,  28,  40, 147,  30,
    75,  24,  16,   7,  97,  20,  57,  59,  27,  14,  99,  75, 113,  34,  45,  19,  71,  36,  22,  16,  58,  39,  35,  36,  12,  72,
    11,  76,  30,  92,  44,  25,  58, 157,  65,  64,  96,   4,  36,  87,  38,  19,  38,  53,  18,  50,  83, 109,  42,  24,  50,  30,
    34,  94,  45,  66,  33,   7,  62,  39,  20,  35,  52,  16,  96,  55,  22,  16,  93,  31,  12,  24,  54,  25,  11,  63,  41,  47,
    21,  25,  62,  50,  12,  21,  33,  18, 150,  72,  16,  53,  91,   9,  92,  41,  29,  19, 100,  14,  25,  20,  59,  27,  57,  42,
    69,  23,  35,  25, 164,  22,  88,  35,  72,  12,  24,  14,  77,  36,  27,  60,  26,  18,  20, 125,  35,   6,  25, 120,  97,  40,
    59,  34,  39,  62,  15,  67,  39,  47,  58, 127,  30,  30,  19,  44,  77,  37,  40,  17,  47,   8,  21,  44, 124,  98,  34,  30,
    17,  56,  22,  11,   6, 113,  56,  46,  29,  29,  15,  18,  88,  52,  21,  30,  21,  54, 110,  19,  61,  96,  42,  48,  30,  22,
   142,  14,  71,  73,  33,  44, 103,  72,  78,  67,  64,  20, 126,  55,  47, 109,  61, 130,  50,   8,  74,  10,  32,  54,  21,  12,
    26,  40,  39,  66,  45, 139,  37,  83,  56,  84,  70,  28,  14,  58, 107,  78,  49,  58,  40,  60,  39,  16,  58,  25,  47, 138,
    13,  29,  20,  16,  43, 113,  54,  68,  43,   5,   3,  51,  14,  51, 126, 150,  14,  34,  18,  28,  19, 103,  18,  29,  48,   9,
   120,  68,  35,  85,  99,  76,  36,  92,  24,  16,  67,   9,  84,  27,  76,  39,  44,  32, 131, 123,  27,  18,  21,  49,  64, 104,
    21,  24,  37,  78,   7, 101,  13,  88,  68,  67,  55,  35,  19,  92,  61,  27,  12,  93,  76,  53,  47,  39,  50,  15,  95,  18,
    40,   9, 100,  26,  33,  35,  11,  14, 136,  22,   9,  10,  74,  71,  28,  36,  20,  58,  22, 134,  21,  80, 105,  26,  14,  92,
    10,  69,  16,  67,  25,  20,  81, 137,   9,  42,  21,  33,  77,  29, 113,  24,  44,  22,  60,  41,  29,  30,  38, 101, 117,  68,
    60,  66,  74,  91,  95,  31,  30,  30,  52,  37,  59,  19,  76,  53,  27,  18,  22,  17,  92,  55,  40,  48, 102,  26,  25,  12,
    31, 109,  81,  78,  28,  49,  41,  64,  34,  36,  48,  14,  49,  38,  28,  26,  26,  59,  46,  61,  18,  13,  14,  32,  21,  30,
    38,  62,  51,  68,  10,  23,  42,  81,  29,  41,  41,  61,  19,   9,  50,  44,  25,   6,  56,  66,  22,  30,   4,  56, 107,   8,
    35,  18,  90,  32,   6,  78,  41,  65,  73,  47,   6, 128,  20, 103,  88,  54,  38,  15,  14,  62,  61,   5,  61,  79,  20,  22,
    22,  15,  53,  64, 125,  21,  34,   7,  17,  51,  23,  58,  89,  24,  68,  22,  75,  62,  46,  41,  34,  53,  15,  35,  13,  29,
    91,  21,  56,  19,  37,  39,  25, 104,  19,  57,  41,  30,  28,  73,  49,  24,  34,  27,  59,  21,  20, 113,   7, 118,   5,  70,
    81,  68,  44,  51,  55, 114,  24,  39,  62,  27,  30,  33, 111,  43,  49,  29,  25,  20,  47,  62,  62,  32,  47,  76,  14,  44,
    23,  86,  52,   9,  36,  12,  43,  25,  89,  52,  15,  22, 100,  13,  13,   4,  21, 132,  66, 108,  10,  43,  19,  42,  21,  68,
   104,  16,  97,  44,  38,  90,  76,  27,  45,  32,  22, 115,  74,  15,  22,  23, 122,   7, 125,  40,  35,  51,  27, 124,  28,  16,
   160, 119,  27, 141,  47,  26,  24,  40, 117, 118,  21, 100,  13,  39,  17,  23,  54,  46, 130, 109,  94,  59,  80,  43,  85, 111,
     3,  22,  54,  27,  41,  68,  11,  63,  32, 123,  16,  25]
R=[[13, 35, 44, 36, 39, 12, 12, 11, 38, 25, 30,  8, 34, 12, 19, 17,  8, 14, 28, 22, 16, 36, 27, 24, 23, 29, 11, 11, 31, 23, 34, 16, 31, 27,
    15, 13, 12, 34, 10, 38, 33, 40, 22, 29, 10, 19, 18, 17,  9, 14, 37, 26, 40, 27, 40, 31, 14,  9, 39, 42, 10, 32, 41, 46, 26, 17, 29, 34,
    19, 40, 32, 12, 36,  9, 33, 38, 31, 14, 47, 19, 18, 22, 39, 14, 21, 26, 44,  8, 47, 41, 37, 45, 33, 35, 30, 16, 12, 36, 10, 28, 14, 26,
    44, 25, 11, 44, 37, 12, 43, 31, 11, 24, 13, 27, 13, 21, 32, 14, 17, 37, 14, 13, 37, 18, 20, 36, 32, 20, 13, 15, 37, 13, 47, 20, 27,  8,
    15, 41, 37, 46, 39, 21, 13, 45, 16, 16, 28, 43, 24, 29, 28, 32, 36, 21, 14, 28, 15, 46, 21, 29, 45, 16, 27, 32, 21, 15, 40, 41, 32, 27,
    34, 33, 19, 34, 26, 21, 46, 33, 29, 25, 42, 20, 37, 21, 37,  8, 43, 19, 46, 12, 41, 38, 33, 16, 23,  8, 45, 38, 14, 18, 45, 43, 29, 30,
    10, 19, 47, 46, 45, 42, 43, 29, 24, 11, 25, 19, 13, 46,  8, 30, 46, 37, 33, 34, 25, 19, 15, 43, 21, 23, 37, 28, 11, 34, 31, 32, 41,  8,
    40, 36, 18, 25, 30, 38, 45, 30, 16, 26, 43, 21, 22, 21, 17, 43, 19, 11, 41, 19, 20, 25, 43, 32, 17, 17, 47, 41, 33, 17, 39, 18, 41, 33,
    11, 21, 16, 13, 36, 19, 36, 38, 15, 41, 26, 29, 18, 45, 12, 43, 36, 21, 20, 20,  9, 20, 20, 16, 31, 46, 29, 23, 46, 33, 37, 45, 41, 25,
    32, 19, 31, 36, 32, 17, 47, 11, 25, 26, 20, 45,  9, 20, 26, 14, 14, 21, 10, 13, 46, 43, 36, 44, 39, 45, 12, 10, 35, 17, 18, 31, 26, 35,
    23, 10, 20, 37, 26, 42, 10, 14, 31, 42, 11, 20, 30, 10, 35, 19, 15, 11, 37, 37, 22, 46,  9, 26, 31, 27, 28, 47, 28, 23, 40, 11, 25, 23,
    23, 43, 28, 20, 32, 24, 37,  8, 10, 46,  9, 47, 16, 22, 45, 47,  8,  8,  9, 10, 23, 31, 26, 26, 33, 17, 40, 23, 19, 22, 30, 11, 11, 10,
    33, 37, 14, 26, 14, 29, 26, 25, 39, 31, 47,  8, 36, 36, 26, 14, 37, 15, 20, 23, 43, 18, 30, 38, 20, 47, 33, 23, 13, 10, 35, 45, 37, 30,
    10, 11, 20, 41, 24, 20, 26, 15, 18, 40, 15, 41, 21, 39, 28, 44, 38, 38, 15, 39, 32, 40, 39, 45, 18, 15, 10, 38, 18, 34,  9, 22, 19, 35,
    16, 28, 47,  9, 29, 42, 32, 42, 11, 46, 27, 43, 15, 34, 39, 40, 21, 15, 38, 22, 43, 30, 11, 38, 39, 43, 33, 37, 27, 41, 38, 19,  9, 42,
    37, 22, 32, 32, 14, 22, 21, 29,  9, 31, 34, 45, 15,  8, 47, 43, 14, 17, 10, 23, 34, 28, 44, 39, 25, 31, 39, 24, 10, 39, 28, 20, 30, 38,
    10, 45, 25, 14, 19, 47, 17, 29, 28, 37,  8, 30, 14, 10, 38, 21, 16, 13, 34, 10, 25, 34, 23, 42, 25, 25, 35, 35, 30, 46, 23,  8, 42, 18,
    38, 18, 37, 32, 13, 47, 19, 14, 16, 43, 26, 26, 43, 17, 42, 20, 29, 44, 42, 40, 34, 46, 36, 35, 44, 28, 16, 43, 28, 32, 37, 45, 25, 23,
    19, 27, 20, 31, 31, 33, 25, 42, 19, 10, 42, 11, 16, 32, 37, 23, 10, 26, 29, 41, 40, 13, 11, 47, 39, 46, 14, 25, 45, 19, 12, 24, 22, 10,
    13, 20, 29, 23, 41, 31, 32, 32, 32, 15, 47, 38, 40, 31, 10, 45, 41, 35, 41, 31, 47, 28, 11, 44, 27, 44, 38, 37, 44, 18, 14, 17, 47, 25,
     8, 21, 46, 10, 32, 18, 16, 42, 42, 46, 44, 43, 18, 17, 21, 23, 20, 16, 28, 38, 41, 29, 12, 21, 42, 26, 33, 23, 19, 41, 45, 30, 39, 29,
    35,  8,  8, 40, 35, 31, 34, 14, 22, 16, 19, 30, 45, 47, 15, 38, 32, 16, 18, 44, 14, 25, 35, 16, 21, 26, 10, 23, 35, 29, 38, 44, 22, 22,
    39, 11, 26,  9, 11, 43, 36, 34, 25, 35, 14, 11, 19, 32, 26, 40, 35, 38, 44, 18, 13, 22, 38, 46, 14, 21, 14, 47, 39, 22, 23, 22, 13, 31,
    34, 11, 30, 34, 23, 21, 28, 15, 23, 40, 11, 14, 10, 32, 13, 15, 15, 42, 20, 16, 16, 40, 39, 23, 30, 45, 41, 23, 23, 32, 18, 13, 34, 29,
    37, 45,  8, 11, 20,  8, 46, 30, 43, 44, 25, 21, 11, 46, 22, 28, 33, 12, 35, 17,  8, 18, 18, 40, 17, 40, 24, 16, 33, 30, 20, 39, 37, 25,
    29, 42, 18, 19, 29, 32, 20, 41, 31, 21, 30, 36, 36, 18, 23, 20, 26,  9, 46, 13, 16, 11, 11,  9, 39,  8, 47, 36,  9, 47, 46, 44, 31,  8,
    43, 25, 41, 15, 44, 13, 23, 10, 45, 12, 37, 11, 20, 28, 29, 17, 43, 36, 47, 46, 37, 30, 14, 45, 14, 45, 18, 45, 26, 38, 12, 14, 13, 39,
    44, 26, 12, 32, 14, 39, 17, 27, 19, 46, 33, 39, 23, 12, 37, 41, 19, 46, 40, 29, 45, 13, 40, 40, 25, 13, 38, 34, 47, 17, 20, 10, 32, 29,
    32, 38, 26, 33, 34, 45, 19, 42, 19, 41, 43, 34,  9, 30, 39, 10, 37, 31, 45, 31, 13, 15, 45, 37, 14, 18, 37, 34, 37, 23, 30, 32, 11, 15,
    41, 14,  9, 10, 18, 44, 10, 16, 16, 33, 21, 42, 37, 46],
  [30, 32, 21, 29, 37, 35, 30, 20, 15, 33, 40, 37, 20, 20, 35, 32, 28, 14, 26, 21, 19, 36, 40,  4, 12, 24, 15, 15, 41, 30, 26, 30,  7, 18,
   20, 43, 40, 28, 40, 22,  4, 40, 11, 37, 38,  9, 20, 29,  4, 42, 26, 18, 31, 19, 33, 16, 39, 11, 12,  9,  8, 28,  6, 43, 13, 43, 43, 20,
   30, 35, 26, 26, 23, 16, 16, 24, 21, 27, 29, 21,  9,  4, 13, 27, 21, 37,  8, 18, 42, 31,  5, 10,  8,  4, 33, 16, 23, 34,  4, 15,  9,  4,
    8, 40, 13, 15, 40, 30, 42, 43, 21, 22, 24, 35, 31, 36, 22,  6, 29, 10,  9, 30,  4, 25, 41, 27, 32, 43, 26, 11, 19, 29, 29, 13, 17, 16,
   16, 17, 35, 19, 42, 17, 25, 17,  8, 18, 16, 21,  9, 20, 37,  7, 15, 36, 43, 19, 28, 42, 14, 12,  9,  9, 33, 10, 20, 20, 14, 24, 24,  9,
   17, 34,  4,  4,  9, 15, 40, 12, 18, 20, 31, 41, 15, 33, 15, 25, 20, 16, 26, 33, 28, 19, 15, 42, 28, 41, 36, 28,  6, 24, 19,  8, 20, 24,
   13, 38, 15, 11,  4, 41, 14, 29, 37, 37, 26, 43,  6,  7, 28, 25,  5, 19, 16,  8, 11, 12, 42, 38, 16, 17, 19,  5, 14,  5, 18, 39,  9,  5,
   30,  9, 19,  9, 34, 41, 40, 19, 23, 26, 18,  8, 40, 28, 23, 26, 36, 27, 29,  8, 14, 23,  8, 19, 31, 35, 37, 28,  4, 20, 20, 16, 20, 38,
   38, 18, 13,  7, 20, 21, 13, 13,  6, 22, 13, 12, 37, 35, 23, 12, 10, 41, 32, 38, 13, 36, 42, 23,  7, 41, 11,  9, 39, 37, 27, 31, 23, 31,
   40,  9, 35, 19, 15,  9, 23,  7, 33, 14,  6, 14, 27, 39, 20,  6, 28, 23, 11, 19,  9,  7, 42, 22,  8, 13, 30, 17, 13, 32, 40, 16, 33, 41,
   43,  9, 23, 15, 40, 31,  7, 34, 32, 25, 11, 33, 20, 35, 38, 37, 34, 37, 18, 31, 14, 33,  9, 33,  6, 19, 29, 30, 25,  5, 23,  4, 15, 19,
   26, 33, 17,  6, 17,  5, 31, 31, 38, 30, 37, 19, 41,  6, 29, 37, 40, 10, 23, 43, 33, 37, 36, 20, 32, 13, 37, 27, 24, 28, 16, 17,  6, 21,
    6, 19, 34, 35, 42, 24, 17, 29, 14, 15,  6, 37,  9, 35, 25, 15, 35, 41, 38, 41, 40, 33, 23, 18, 30, 22, 23, 42, 41, 19, 25, 38, 42, 30,
   11, 26, 28,  7, 37, 35, 29, 12, 29, 29, 21, 11, 11, 31, 34, 43, 28, 26, 42, 32, 16, 17, 42, 29, 10, 33, 28, 21, 39, 41, 20, 24,  7, 16,
   37, 43, 19, 16, 25, 40, 37, 31, 32, 28, 32, 29, 25, 14, 25, 43, 38, 28, 18, 43, 17,  7, 35, 32, 28, 41, 12, 38, 17, 13, 11, 24, 39, 12,
   22, 29, 20, 23, 22,  6,  5, 12, 31, 11,  6, 24, 35, 13,  8, 16, 29, 24,  6, 25, 43, 43, 18, 16, 22, 43, 10,  4, 20, 40, 29, 36, 38, 15,
   28, 43, 12, 36, 29, 13, 16, 16, 40,  9, 41, 23,  9,  7, 36,  6, 38, 29, 35, 32, 40,  4, 30, 18, 24,  8, 35, 42, 17,  9,  8,  5, 30, 34,
   20, 31, 22, 12, 16, 17, 38, 20,  5,  9,  7, 20, 32, 11, 10, 30, 39,  6, 33, 43, 36, 21,  5, 19, 12,  5, 39, 10, 32, 28,  5, 43, 12, 14,
   12, 10,  6, 11,  9,  5, 35, 30,  8, 35, 23,  5, 41, 15, 39, 35, 39, 34, 38, 31,  6, 27,  9, 18,  7, 30,  6, 26, 40, 23, 10,  9, 41,  9,
   13, 31, 41, 28, 10, 39, 20, 11,  6, 37, 10, 11, 24, 17, 13, 13, 16, 42, 40, 13, 32,  9, 38, 39, 23, 43, 40, 12, 13, 43, 14,  4, 41, 23,
    5, 12, 17, 20, 14, 33, 33, 25, 43, 31, 18,  9, 16,  9, 24, 25, 40, 40, 36,  6,  5, 38,  9, 11, 10, 31, 25, 11, 43, 21, 33, 29, 43, 35,
    8, 31, 34, 36, 34, 41,  8,  6, 38, 35, 38, 39, 20, 35, 26, 15, 25, 16, 12, 25,  9, 26, 24, 14, 32, 35,  5, 29, 31, 16, 43, 35, 10, 32,
   36, 13,  9, 29, 26, 23, 40, 28, 21, 11, 36, 30, 38, 27, 28, 34,  9,  4, 10, 17, 43, 43, 39, 41, 38, 22,  5, 17, 31, 18, 42, 17, 39, 17,
   20, 30, 35, 10, 12, 35, 34,  8, 40,  9, 14, 13, 28, 15,  7,  4, 10, 22, 34, 13, 41, 41, 11, 34, 18, 15, 27,  7,  8, 13, 39, 42, 34, 37,
   15,  9, 43, 37,  7,  8, 24, 41, 40, 26, 29, 34, 19, 15,  7, 35, 43, 17,  9, 32, 11, 41, 41, 23, 33, 26, 26,  8, 28, 34, 18, 24, 18, 26,
   35, 38, 10, 37,  7, 12,  9, 25, 20, 29, 16,  9, 40, 16, 16, 25, 12, 41, 29, 32, 36, 17, 21, 11,  7, 27, 28, 37, 31,  9, 12, 22, 16, 13,
   36, 28, 33, 43, 24,  6, 32, 40, 21,  9, 21, 34, 28, 22, 29, 16, 38, 41, 15, 37, 21,  6, 34, 43, 30, 21, 34, 10, 12, 25, 16, 34, 21, 16,
   36,  9, 26, 25, 10, 29,  9, 41, 40, 38, 34, 30, 27, 37, 29, 33, 37,  4, 20, 36, 29, 18, 16, 43, 28, 24, 19, 10, 20, 43, 16, 33, 22, 14,
   43, 40,  6,  6, 35,  5, 40,  8, 29, 16, 27,  4, 37, 32, 23, 39,  8, 43,  8, 32, 23, 20, 14, 13, 20, 41, 31, 25, 27, 35, 27, 25, 24, 29,
   27, 22,  4, 39, 11, 23, 30, 19, 32, 20, 42, 34, 38, 27],
  [15,  8,  7, 37, 27, 26, 10, 15, 32,  9, 38, 23, 28, 44, 43, 14, 40, 30, 44, 44, 51, 21, 47, 13, 50,  9, 37, 17, 40,  9, 15, 31, 36, 46,
   39, 35, 34, 30, 22, 46, 10, 46, 31, 19, 50, 22, 43, 44, 43, 48, 11, 16, 50, 35, 17, 18, 39, 38, 36, 40, 48, 11, 34,  8,  9, 48, 18, 17,
   29, 14, 43, 51, 13, 26, 36, 50, 50, 24, 10, 13, 50,  7, 32,  8, 13, 18, 45, 44, 38, 27, 48, 33, 14, 37, 18, 33,  8, 21, 41, 38, 38, 24,
    8, 20, 18, 18, 39, 47,  9, 10, 19, 44, 30, 30, 45, 46, 40, 51, 30, 40, 30, 42, 45, 32, 24, 12, 18, 33, 18, 29, 21, 41, 51, 35, 45, 31,
   18,  8,  8, 12, 27,  9, 51, 25, 28, 36, 47, 32, 16, 27, 46, 31, 34, 23, 15, 50, 34, 41, 24, 12, 51, 22, 22, 45, 47, 28, 47, 37, 45, 41,
   11, 41, 30, 34, 29, 49, 35, 29, 30, 34, 35, 33, 51, 34, 22, 46,  7, 16, 33,  7, 43, 42, 13, 26, 48, 40, 14, 40, 29, 10, 25,  7, 26, 16,
   17, 46, 15, 28, 33, 27, 28, 46, 48, 48,  7, 42, 31,  8, 28, 49, 40, 43,  7, 18, 20, 23,  8, 33, 25, 23, 39, 44, 20, 46, 49, 25, 50, 14,
   49,  7, 17, 39, 12, 48,  9, 34, 16, 13, 40, 24, 47, 14, 49, 26,  8, 32,  8, 30, 35,  7, 30,  7, 43, 50, 23, 33, 23, 40, 38, 50, 35, 23,
   30, 41, 20, 32, 15, 39, 48, 41, 28, 14, 40, 37, 15, 19, 38, 18, 46, 14, 33, 20, 30, 42, 33,  7, 45, 32, 24, 32, 38, 39, 39, 37, 42, 26,
   34, 35, 37, 45, 35, 45, 11, 11, 48, 24, 16, 16, 22, 45,  7, 13, 31, 42, 44, 46, 49, 18, 14, 17, 39, 25, 18, 23, 23, 48, 35, 44, 47, 19,
   47, 12, 12, 49, 48, 24, 39, 15,  9, 30, 15, 36, 20, 41, 51, 18, 17, 36, 29, 40, 28, 35, 48, 45, 43, 13, 17, 41, 49, 51, 17, 32, 37, 50,
   40, 50,  7, 37, 13, 51, 46, 40, 21, 33, 33, 19, 30, 26, 50, 37, 51, 37, 49, 43, 43, 11, 51, 35, 48, 22, 33, 42, 50, 49, 47, 45, 15, 40,
   50, 36, 32, 18, 51, 39,  9, 45, 45, 14, 40, 15, 40, 16, 51, 51,  7, 26, 21, 39, 14, 39, 16, 38, 32, 14, 15, 48, 42, 19,  7, 36, 49, 23,
   36, 46, 48, 18, 34, 26, 47, 25, 38, 50, 12, 28, 30, 48, 41, 49, 32, 31, 37, 12, 11,  7, 50, 12, 18, 40, 23, 22, 42, 37, 41, 13, 20, 19,
   17, 43, 35, 20, 23, 22, 50,  8, 11, 38, 26, 44, 14, 20, 48, 25, 45, 29, 44, 30,  7, 36, 12, 35, 42, 20, 40, 24, 29, 36, 28, 45, 18, 12,
   32, 50, 46, 33, 20, 25,  9,  7, 33, 50, 15,  9, 43, 45,  9, 10, 48, 34, 43, 43, 26, 45, 44, 17,  7, 34, 20, 33, 14, 31, 31, 22, 25,  7,
   28, 11,  9, 48, 23, 18, 32, 50, 28, 12, 51, 45, 17, 46, 48, 38, 18, 40, 33, 23, 51, 43, 49, 40, 15, 21, 28, 23, 46, 38, 51, 37, 42, 20,
   15, 37, 32, 10, 45, 51, 48, 13, 11, 27, 16, 11, 13, 46, 49, 49, 31,  8, 28, 19,  8, 35, 51, 24, 25, 28, 15, 19,  8, 14, 45, 37, 22, 34,
   19, 50, 12, 11, 46,  7, 43, 10, 17, 21, 25, 43, 36, 42, 26, 45, 25, 14, 25, 11, 19, 41, 25, 22, 32, 23, 38, 42, 22, 17, 45, 42, 18, 25,
   10, 51, 48, 19, 19, 18, 14, 39, 36, 33, 32, 49, 27, 10, 35, 27, 36, 22, 36, 27, 47, 24, 10, 30, 12, 41, 41,  7, 31, 12, 50, 11, 35, 47,
   14, 12, 21, 27, 23, 48, 40,  9, 33, 25, 50, 47, 19, 44, 23, 31, 15, 47, 30, 51, 10, 42, 43, 11, 45, 10, 39, 46, 43, 43, 12, 15, 50, 45,
   43, 51, 39, 14, 32,  8, 48, 33, 15, 29, 50,  8, 24, 33, 21, 15, 50, 22, 20, 22, 17, 31, 17, 27, 39, 21, 25, 37, 46, 47, 38, 21, 34, 28,
   44, 51, 15, 46, 35, 45, 22, 45, 48, 42, 12, 17, 18, 37, 18, 50, 20, 19, 21, 31, 14,  9, 13, 10, 26, 50,  7, 40, 20, 14, 39, 23, 12, 51,
   26, 35, 14, 28, 44, 27, 12, 50, 50, 30, 24, 40, 30, 18, 51, 51, 21, 38, 20, 32, 18, 44, 12, 32, 42, 16, 51, 24, 39,  9, 10, 39, 41, 48,
   26, 39, 14, 27, 16, 34, 36, 28, 17, 16,  7,  8, 14, 20, 44,  9, 46, 27, 50, 46, 43, 37, 48, 37,  8, 37, 25, 50, 24, 48, 38, 47, 24, 51,
   34, 17, 18, 10, 18, 46, 41, 25, 16, 27,  9, 50, 29, 21, 12, 26, 44, 24,  7, 14, 28,  8, 45, 34, 12, 18, 42, 35, 32, 47, 20, 39, 24, 25,
   48, 39, 21, 28, 29, 13, 10, 19, 39,  9, 33, 10, 44, 34,  9, 15,  8, 44, 38, 38, 37, 26, 18, 18, 39, 17, 15, 24, 34, 32, 28, 42, 49, 26,
   13,  8, 43, 32, 18, 43, 45,  7, 34, 44,  9, 10, 21, 29, 13, 12, 19, 37, 24, 34, 24, 34, 42, 13, 49, 16, 25, 31, 31, 44, 38, 39,  8, 29,
   41, 48, 11, 21, 32, 38, 32, 49, 25, 33, 44, 42, 37, 16,  8, 23, 15, 36, 40,  9, 33, 51, 22, 45, 10, 34, 18, 29, 51, 27, 25, 48, 35, 19,
    8, 50, 16, 24,  8, 14, 19, 11, 10, 48, 39, 49, 11, 10],
  [19, 17,  8, 13, 34, 36, 12, 35, 17, 19, 25, 38, 25, 25, 10, 22, 19,  9, 14, 28, 26, 27, 18, 20, 42, 39, 40,  5, 34, 24, 25, 16, 36,  5,
   39, 41, 47, 13, 32, 35, 24,  4, 46, 21, 38, 34, 38, 19, 14, 32, 43, 37, 24, 23, 24, 32,  5, 42, 42, 17, 35,  9, 22, 23, 46, 13, 37, 20,
    6, 34, 28, 22, 47, 38, 13, 17,  9, 26, 43, 40, 16, 46, 47, 16, 33, 28, 31, 27, 35, 31,  3, 14, 23, 23, 25, 12,  4, 26, 17, 43,  7, 41,
   29, 33,  5, 42,  8, 30, 43, 38, 13, 37,  5, 17, 15, 32,  5,  5, 33, 30, 21, 34, 43, 40, 23, 25,  8,  7, 12, 36, 37, 22, 36, 36, 45, 19,
   44, 24,  9, 21, 24, 38, 13, 13, 22, 20, 10, 44, 25, 22, 38, 24, 41, 28, 41, 45, 38, 37, 15, 35,  7, 34, 39, 42, 40, 20,  3, 21,  8, 40,
   24, 29, 39, 28, 12, 11, 27, 21, 28, 11, 19, 10, 40, 36, 17,  8, 45, 47, 34,  7,  8, 13,  3, 31, 12, 45, 29, 31, 38, 14, 20, 42, 35,  5,
   45, 30, 25, 25, 34, 47, 15, 23, 42, 42, 21, 47,  6, 10, 21, 41, 29,  5, 28,  9, 18, 47, 21, 42, 35, 46, 28,  8, 32, 34, 19,  8,  9, 33,
   19, 18,  9, 20,  9, 42, 19, 17, 40, 37, 21, 47, 42, 11,  7, 26, 36, 43, 26,  8, 14, 15, 30, 16, 47, 18, 43, 16, 35,  7, 41, 29, 18, 10,
   19, 46, 12,  3, 41,  8, 34, 25, 36, 21, 27, 20, 15, 41, 42, 20, 18, 34, 40, 40, 39, 40, 45, 43, 41, 39, 31, 29, 44, 13, 18,  4, 11, 12,
   24, 10, 10, 32, 11, 27, 27, 29,  6, 38, 42, 43, 28, 19, 14,  5, 27,  6,  3,  4, 32, 17, 13, 14, 46, 25, 18, 32, 42, 16, 16, 14, 29, 25,
    7, 18,  8, 28,  8, 47,  9, 10, 34, 40, 37, 39, 44, 16, 18, 24, 28, 39, 30, 37,  6, 25, 24,  3, 25, 43, 34, 24, 42, 28, 15, 14, 18, 37,
   21, 23,  3, 36, 37, 44, 27, 46, 18,  4, 24, 36,  3, 13, 41, 16,  9, 34, 44,  7,  8, 15, 22, 45, 12, 37, 47, 30, 14, 44,  3,  5, 24,  4,
   18,  7, 12, 38, 24, 35,  4, 27, 35, 31, 30, 17, 32,  6, 47, 34, 26, 10, 43, 34, 30, 24, 44, 43,  5, 43, 34, 13, 28,  3, 20, 23, 23, 27,
   24, 38, 23, 17, 41, 36, 16,  4, 14,  9, 40, 14, 46, 16, 22,  6, 10, 39, 25, 26, 29,  5, 32, 26, 45, 36, 13, 47, 30, 32, 11, 46,  8, 37,
    8, 34, 18, 29, 20, 40, 27, 18, 24, 13, 28,  9, 37, 12, 39, 15, 29,  6, 23, 37, 28, 35, 12, 37, 32, 30, 25, 13, 26, 41, 43, 21, 40, 31,
   26, 15, 25,  7, 26, 44, 42, 24, 20, 28, 18, 23, 33, 11, 34, 13, 35, 45, 35,  4, 11, 25, 40, 40,  4, 33, 36, 16, 19, 12, 23, 25, 20, 27,
    9, 16, 19, 34, 36,  3, 24, 15, 11,  9, 33, 26,  6, 29, 11, 21, 12, 27, 42, 11, 20, 46,  7, 35,  5, 18, 33, 20, 26, 13, 15, 14, 43, 38,
   31, 25, 21, 27, 41, 18, 29, 36, 10, 37, 31, 31, 12,  3, 12, 35,  3, 35, 42, 33, 46, 14, 14,  3, 37, 17, 33, 19, 34,  6, 24, 39, 12, 10,
   10, 31, 13, 37, 47,  5, 18, 34, 25, 29, 42, 43, 18, 18, 19, 17, 35, 11,  6, 22, 39, 17, 44, 39, 10, 16,  3, 12, 31, 22, 20, 45, 12, 29,
   39,  9,  6, 12, 21, 37, 31, 31, 12, 27, 38,  5, 33, 13, 16, 29,  7, 25, 24, 13, 20, 32, 32,  3, 30, 23, 47, 42, 30, 10, 36, 10, 26, 45,
    7,  5, 40,  3, 27, 43,  8, 41, 18, 23,  9, 16, 12,  5, 32, 30, 10, 37, 13, 46,  3, 23, 46, 21, 27, 44, 34, 12, 29, 37, 40, 25, 26, 20,
   32, 36, 43, 46, 33, 31, 14, 37,  3, 25, 46, 44, 22, 36, 23, 37,  4, 27,  9, 47, 31, 27, 15, 44,  4, 21, 19,  8, 10, 44, 23, 14,  3, 12,
   26, 25, 45, 27, 20, 32, 30, 36, 22,  6,  8, 36,  9,  6, 37, 31, 42, 15, 22, 18,  8, 20, 41, 21, 31, 18,  5,  8, 15, 13, 25, 32, 34, 36,
   46, 12,  4, 46, 33, 34, 44, 44, 33, 21,  3,  4, 33, 35, 21, 40,  9,  8, 18, 18, 39, 15,  3,  3, 35, 40, 16, 13, 16, 32, 26, 47, 21,  7,
   41, 20, 14, 47,  5, 18, 11,  9, 18, 27, 46,  5, 28, 23, 26, 42, 40, 11,  7,  8,  9, 44, 10,  4, 27, 23, 39,  9, 32, 32, 30, 13, 16, 11,
   47, 19, 40, 18,  4, 35, 43, 16, 17, 20,  8, 23, 38, 33, 11, 42,  3, 36,  3, 17, 29, 43, 39, 32, 30, 43, 12, 40,  8, 41,  4, 13, 44,  5,
   29, 26, 38, 24, 41, 35,  6, 12, 45, 12, 12, 18,  6,  4, 36, 41, 13, 36, 44,  5, 43,  9, 27, 32, 21, 21, 27, 44, 47,  4, 14, 17, 46, 38,
   14, 42, 26,  4, 39, 11, 10, 21, 21, 31,  3, 15, 17, 41, 15,  7, 21, 18, 47, 42, 22, 15, 18, 43, 22, 33, 28, 21, 12, 24,  7,  4,  4, 22,
   23, 23, 40, 32, 38, 11, 31, 13, 29, 10, 22, 36, 14,  9, 38, 26, 35, 42, 23, 27, 21, 36, 14,  4, 20,  4, 47, 43, 23, 45, 16, 34, 35, 31,
   38, 21, 38, 35, 45, 28, 40, 29, 36,  4, 36, 43,  6, 28],
  [46, 25, 20, 11, 13, 52, 21, 27, 13, 41, 18, 28, 53, 37, 24, 33, 50, 52, 10, 18, 46, 37, 19, 31, 21, 26, 53, 43, 26, 41, 41, 16, 20, 15,
   49, 28, 53, 23, 49, 12, 23, 34, 39, 18, 50, 20, 38, 47, 39, 15, 19, 25, 36, 32, 48, 36, 34, 50, 39, 46, 34, 10, 30, 37, 33, 25, 52, 14,
   33, 38, 27,  9, 23, 33, 34, 47, 18, 49, 37, 36, 46, 31, 22, 36, 49, 29, 36, 45, 10, 53, 41, 14, 41, 28, 22, 22, 21, 45, 23, 52, 31, 42,
   25, 12, 41, 52, 35, 44, 23, 46, 30, 52, 29, 16, 15,  9, 19, 24, 31, 13, 18, 45, 50, 25, 43, 34, 20, 51, 35, 37, 50, 10, 22, 22, 25, 35,
   48, 22, 38, 26, 13, 50, 27, 38, 33, 25, 39, 42, 20, 11, 16, 20, 22, 12, 40, 34, 40, 48, 25, 13, 29, 25, 26, 52, 45, 50, 20, 15, 36, 27,
   25, 32, 15, 51, 48, 17, 29, 40, 21, 53, 38, 35, 51, 33, 49, 27, 43, 18,  9, 17, 28, 47, 50, 15, 40, 30, 27, 11, 50, 39, 16, 24, 19,  9,
   26, 35, 21, 34, 49, 47, 14, 12, 46, 42, 23, 44, 53, 43, 18, 12, 25, 22, 41, 22, 17, 28, 22, 50, 17, 49, 22, 10, 51, 12, 28, 40, 32, 50,
   25, 17, 44, 36, 34, 32, 17, 31, 31, 25, 20, 35, 20, 38, 42, 24, 45, 45, 22, 31, 39, 23, 38, 23, 43, 41, 37, 10, 12, 27, 19, 16, 38, 51,
   24, 12, 38, 32, 25, 36, 47, 40, 14, 24, 21, 45, 50, 47, 27, 52, 35, 27, 21, 20, 41, 36, 33, 30, 30, 28, 24, 21, 21, 14, 41, 17, 35, 49,
   35, 49, 51, 35, 10, 16, 29, 16, 48, 37, 34, 21, 11, 11, 25, 53, 13, 16, 34, 21, 21, 21, 19, 25, 40, 16, 24, 22, 37, 11, 19, 19, 22, 43,
   28, 20, 28, 49, 21, 35, 46, 33, 30, 47, 43, 22, 52, 49, 43, 11, 14, 28, 21, 13, 40, 10, 53, 35, 48, 23, 14, 28, 38, 40,  9, 27, 20, 36,
   18, 50, 49, 50, 11, 31, 24, 34, 45, 14, 32, 48, 13, 38, 34,  9, 35, 10, 11, 23, 44, 36, 38, 48, 18, 48, 43, 24, 32, 35, 43, 21, 23, 46,
   16, 38, 44, 17, 30, 43, 38, 24, 43, 24, 50, 19, 30, 29, 37, 46, 10, 18, 19, 39, 49, 28, 18, 36, 30, 42, 52, 43, 50, 51, 50, 20, 21, 18,
   20, 23, 26, 32, 13, 38, 28, 50, 32, 17, 45, 23, 39, 39, 19, 53, 32, 38, 30, 37, 43, 38, 35, 23, 22, 38, 32, 10, 19, 24, 13, 31, 34, 40,
   21, 16, 26, 25, 41, 42, 18, 20, 10, 41, 17, 42, 10, 17, 10, 25, 45, 31, 11, 16, 17, 10, 38, 50, 16, 47, 32, 53, 31, 28, 32, 53, 38, 35,
   25,  9, 21, 45, 22, 43,  9, 30, 11, 42, 30, 38, 24, 25,  9, 24, 31, 48, 10, 21, 53, 41, 43, 30,  9, 51, 27, 52, 34, 11, 15, 18, 44, 50,
   25, 44, 41, 15, 48, 29, 43, 20, 11, 23, 30, 26, 30, 50, 22, 19, 35, 46,  9, 34, 26, 13,  9, 23, 41, 51, 43, 13, 44, 31, 51, 12, 16, 51,
    9, 24, 25, 31, 20, 21, 21, 32, 18, 14, 19, 44, 30, 43, 13, 30, 24, 18, 25, 42, 44, 14, 13, 23, 52, 49, 50, 21, 20, 25, 16, 47, 43, 42,
   31, 10, 32, 29, 48, 12, 22, 36,  9, 27, 49, 33, 41, 37, 19, 49, 16, 32, 43, 20, 33, 30, 19, 16, 13, 26, 15, 29, 33, 29, 51, 22, 28, 24,
   26, 19, 26, 33, 15, 37, 31, 19, 52, 18, 12, 23, 33, 45, 27, 51, 23, 29, 20, 28, 41, 49, 40, 42, 29, 15, 26, 15, 17, 38, 29, 40, 31, 50,
   50, 22, 28, 12, 30, 24, 24, 33, 52, 15, 18, 30, 15, 17, 49, 26, 47, 19, 18, 22, 11, 21, 45, 48, 31, 26, 37, 19, 51, 52, 40, 38, 35, 10,
   26, 34, 45, 20, 51, 16, 44, 32, 38, 11, 50, 39, 29, 33, 34, 12, 42, 35, 37, 27, 27, 44, 31, 25, 17, 11, 25, 23, 10, 30, 20, 10,  9, 17,
   32, 38, 25, 50, 10, 39, 42, 27, 14, 34, 18, 31, 47, 47, 15, 21, 30, 26, 40, 17, 18, 13, 48, 44, 40, 29, 24, 21, 24, 47, 16, 22, 14, 20,
   34, 36, 52, 51, 14, 46, 37, 14, 12, 46, 18, 12, 29, 49, 40, 28, 42, 29, 14, 27, 31, 47, 31, 24, 50, 41, 27, 16, 26, 50, 19, 52, 27, 53,
   18, 40, 35, 49, 33, 47, 47, 43, 53, 41, 26, 50, 29, 51, 24, 19, 49, 34, 26, 18, 44, 11, 41, 19, 43, 43, 13, 23, 15, 10, 43, 36, 36, 25,
   49, 14, 23, 18, 15, 12, 40,  9, 52, 18, 35, 12, 23, 12, 23, 37, 12, 16, 52, 34, 27, 48, 10, 22, 28, 20, 50, 13, 34, 44, 10, 48, 49, 35,
   49, 13, 23, 26, 27, 39, 23, 14, 22, 22, 24, 27, 14, 36, 30, 48, 27, 10, 12, 44, 50, 27, 43, 53, 17, 38, 42, 23, 29, 50, 42, 22, 46, 51,
   29, 15, 12, 43, 34, 11, 38, 49, 50, 25, 27, 30, 32, 40, 20, 38, 35, 17, 45, 53,  9, 32, 36, 53, 37, 34, 39, 38,  9, 48, 27, 18, 22, 50,
   27, 39, 51, 11, 13, 49, 44, 40, 51, 12, 15, 14, 17, 51, 38, 41, 31, 13, 22, 38, 45, 29, 44, 40, 38, 23, 15, 16, 35, 49, 16, 52, 11, 17,
   49, 28, 31, 41, 11, 38, 12, 40, 36, 47, 14, 11, 16, 52],
  [32, 36, 37, 38, 35, 10, 19, 13, 38, 30, 22, 34, 40, 21, 29, 37, 18, 23, 32, 43, 35, 43, 39, 21, 36,  8,  9, 20, 39, 20, 15, 25, 40, 32,
   29, 20, 24, 10, 43, 31, 13, 32, 14, 34, 31, 41, 29,  8, 21, 10, 33, 23, 25, 27, 23, 10, 29, 12, 22, 11, 22, 35, 24,  9, 27, 12, 21, 21,
   15, 43, 28, 19, 37, 34, 14, 32, 23, 29, 25, 19, 13, 18, 27, 16, 16, 33, 41, 42, 40, 11, 33, 33, 21, 19, 41, 39, 43, 18, 33, 10, 18, 23,
   12, 12, 24, 21, 41, 28, 43, 43, 17, 17, 14, 17, 10, 29, 16, 38, 11, 36, 12, 27, 15, 27, 38, 35, 43, 29, 33, 18, 15, 32, 23, 28, 27, 40,
   25, 20, 18, 21, 19, 10, 17, 41, 12, 27, 32, 17, 10, 10, 32, 19, 30, 31, 13, 41, 22, 42, 25, 31, 37, 30, 42, 43, 24, 35, 30, 25, 35,  9,
   18, 28, 40,  8, 39, 18,  8, 20, 26, 17, 15, 34, 13, 41, 42,  9, 22, 16, 20, 15, 14, 22, 36, 33,  8, 35, 12, 36, 22, 36, 23, 24, 41,  8,
   33, 23, 29, 30, 23, 41, 18, 29, 13, 35, 10, 10, 27, 14, 29, 22, 30,  8, 19, 43, 16, 26, 32, 36,  8, 15, 15, 24, 10, 29, 24,  9, 23, 12,
    9,  8, 19, 36,  8, 37, 21, 16, 35, 20, 43, 24, 35,  9,  8, 23, 35, 40, 24, 37, 41, 40, 12, 31,  8, 12, 22, 15, 36, 32, 35, 34,  9,  8,
   16, 43, 33, 22, 14, 32, 36, 41, 41, 31, 42, 21, 26, 41, 36, 37, 28, 40, 35, 14,  8, 17, 33, 33, 23, 32, 15, 13, 35, 18, 38, 14, 38, 41,
   26,  8, 16, 26,  9, 43, 23, 12, 34, 38, 19, 30,  8, 26, 15, 10, 10, 11, 23, 18, 24, 11,  9, 23, 21, 23, 33, 36, 24, 33, 28, 18, 20, 15,
    8, 16, 10, 42, 26, 30, 43, 30, 20, 21, 24, 17,  8, 23, 30, 43,  9, 14, 13, 34, 14, 41,  8, 18, 10, 15, 39, 35, 37, 40,  8, 21, 28, 10,
   26, 16, 21, 20, 37, 36, 24, 40, 43, 16, 36, 35, 40, 41, 36, 16, 18, 35, 32, 36, 13, 12, 36,  9, 20, 10,  8, 40, 24, 20, 17, 30,  9, 19,
   30,  9, 23, 35, 24, 40, 32,  8, 21, 21, 11, 43, 25, 24, 38, 26, 42, 38, 23,  8, 24, 19, 22, 22, 16,  9, 31, 20, 26, 31, 37, 21, 21, 13,
   14, 32, 39, 33, 30, 15, 29, 17, 35, 34, 20, 36, 17, 12, 32, 19, 35, 18, 41, 39, 16, 14, 25, 16, 13, 27, 36,  8, 42, 24, 11, 23, 30, 18,
   31, 19, 16, 14, 32, 18, 30, 12, 31, 12, 17, 33, 32, 11, 32, 18, 31, 16, 10, 31,  9, 27, 24, 33, 32, 11, 28, 20, 25, 43, 18, 28, 15, 10,
   22, 28, 35, 10, 10, 15, 43, 43, 17, 11, 30, 12, 24, 26, 33, 20, 11, 25, 35, 43, 24, 14, 19, 41, 39, 17,  9, 34,  8, 22, 31, 43,  9, 13,
   27, 40, 19, 38, 29, 11, 34, 42, 30, 28, 33, 31, 43, 26, 10, 39, 30, 39, 15, 10, 40, 15, 25, 10, 21, 15, 18, 29, 14, 11, 21, 27, 22, 20,
   41, 23, 22, 21, 42, 11, 22, 24, 23, 19, 30, 30, 19, 32, 18, 33, 19, 26, 36, 39, 12, 14, 23, 14, 15,  8, 18, 30, 35, 39, 34, 33, 14, 37,
   43,  9, 26, 33, 14, 17, 32, 33, 15, 27, 42,  8, 39, 11, 18, 31, 28, 33, 24, 15, 22, 13, 23, 41, 21, 26,  9, 30, 14,  8, 16, 18,  8, 15,
   28, 17, 18, 28, 23, 18, 17, 32, 37, 15, 16, 43, 33, 10, 29,  9, 32, 42, 32, 17, 14, 40, 32,  9, 30, 10, 16, 10, 11,  9, 13, 24, 24, 28,
   43, 17, 30, 35, 38, 17, 30, 37, 41, 12, 26, 16, 37, 31, 42,  9, 18, 33, 34,  9, 21, 17, 29, 42, 25, 42, 31, 13, 40, 24, 38, 24, 35, 12,
   41, 24, 21,  9, 15, 35, 28, 11, 11, 36, 20,  8, 10, 32, 11, 27, 16, 32, 43,  9, 31, 11, 28, 25, 14, 17, 30, 42, 16, 38, 37, 16, 18, 34,
   21, 13, 36, 24, 35, 19, 40, 37, 39, 27, 42,  8, 17, 32, 40, 22, 34, 19, 24, 38, 14, 38, 12, 12, 20, 24, 21, 26, 26, 24, 23, 41, 29, 32,
   37, 31, 16, 40, 43, 16, 41, 24, 42,  9, 31, 30, 25, 24, 12,  9, 25,  8, 20, 36, 33, 12, 42, 10, 11, 10, 24, 15, 28, 25, 18, 10, 24, 35,
   35, 23, 33, 38, 13, 41, 14, 40, 13, 23, 13, 35,  9, 33, 40, 14, 35,  8, 12, 20, 16, 43, 25, 42, 24, 22, 17, 32, 39, 35, 39, 39, 25, 25,
   38, 16, 38, 11, 16, 19, 20, 22, 12, 25, 38, 40, 36, 38, 38, 29, 25,  9, 29, 32, 40, 27, 39, 13, 13, 39, 14, 23, 32, 24, 35, 29, 19, 27,
   12, 11, 18, 36, 30, 28, 31, 29,  9, 22, 34, 37, 43, 29, 26, 24, 21, 10, 36, 28, 11, 17, 25, 37, 36, 20, 11, 23, 36, 15, 22, 32, 35, 25,
   25, 17, 18, 10, 32, 31, 40, 18, 27, 15, 37, 39, 12, 33, 11, 37, 12, 34, 11, 14, 42, 26, 41, 39, 33, 39, 27, 40, 37, 36,  9, 30, 33, 20,
   17, 18, 34, 40, 21, 30, 35, 41, 27, 29, 20, 10, 20, 35, 14,  9, 16, 38, 42, 15, 23, 35, 11, 17, 43, 26, 23, 10, 43, 25, 22, 11, 25, 31,
   36, 36, 30, 11, 24, 17, 42, 10, 36, 34,  8, 41, 21, 31],
  [12, 19, 12, 47, 12, 41, 28, 22, 17, 12, 42, 36, 15, 45, 32,  7, 13, 27, 36, 16, 24, 23, 26, 42,  8, 45, 40, 11, 15, 27, 29, 22, 25, 24,
   40, 15, 41, 16, 16, 35,  8, 39, 30, 31, 16, 18, 30, 28, 32, 46, 12, 18, 34, 34, 25, 37, 41,  6,  8, 47, 18, 13, 41, 35, 46, 24, 37,  9,
   29, 16, 24, 23, 12, 36, 26, 11, 15,  7, 13, 20, 28, 44,  8, 19, 29, 11, 19,  7, 45, 10, 31, 39, 34, 10, 36, 47, 17,  9, 16, 25, 48, 15,
   23, 34, 47, 31, 46, 18,  8,  9, 34, 30, 24, 44,  9,  9,  7, 25,  9, 22, 27, 10, 38, 13,  7, 19, 37, 26, 20, 19, 45, 28, 43, 23, 25, 18,
   28, 24, 31, 34, 31, 36, 15, 46, 13, 44, 36, 31,  9, 19, 24, 29,  6,  8, 19, 48, 33, 44, 34,  8, 12, 19,  7, 13, 21, 31, 31, 28, 31, 18,
   14, 21, 10, 24, 45, 22, 47, 45, 42, 19, 22, 38, 45, 45, 16, 43, 31, 27, 31, 26, 31, 13, 30, 11, 14, 34, 11, 17, 25, 28, 32, 31, 31, 27,
   47,  7, 30, 42, 29, 26, 15, 33, 41, 11,  6, 30, 14, 32, 38, 22, 25, 26,  9, 35, 33, 13,  9,  8,  9, 18, 34, 20, 35, 38, 28, 26, 28, 12,
   19, 18, 14, 27, 28, 28, 30, 21, 26, 22, 39, 10, 24, 19, 36, 31, 35, 47, 21, 34, 28, 17, 28, 27, 33, 47, 17, 36, 40, 36,  8, 44, 15, 43,
   15, 13, 30, 32, 19,  9, 25, 47, 35, 47, 41,  6, 11, 36, 33, 47, 22, 42, 22, 26, 31, 34, 28, 22, 34, 39,  9, 47,  8,  8, 12, 27, 23, 23,
   47, 40, 48, 15, 13, 31, 23, 16, 46, 37, 15, 33, 23, 29, 38, 29, 13, 34, 39, 23, 34, 38, 19, 24, 13, 25, 47, 24, 25, 42, 41, 18, 15, 29,
   35, 37, 46, 21, 35, 17, 41, 26, 19, 33, 39, 18, 35, 43, 29, 32, 16, 12, 19, 40, 26, 23,  9,  9, 39, 24, 47, 22, 32, 24, 36, 11, 48, 32,
   45, 16, 48, 10, 11, 38, 25, 38, 25, 14, 21, 14, 13, 31, 12, 47, 34, 25, 45, 30, 21, 41, 30, 38,  8, 44,  8, 29,  7,  8, 31, 25, 37, 26,
   46, 45, 29, 28, 26, 36, 11, 14, 36,  6, 39, 12, 29, 43, 18, 10, 14, 39,  6, 16, 35, 13, 30, 48, 40, 37, 47, 34,  9, 13, 47, 15, 19, 48,
   19, 15, 46, 23, 46, 11, 17, 47, 37, 14, 12, 43, 16, 37, 22, 43, 11, 45, 30, 46, 16, 40, 28, 11, 17, 43, 46, 12, 34,  9,  7,  8, 34, 19,
   38, 34, 44, 43, 37, 24, 19, 11, 26, 45, 26, 27, 19, 39, 47, 22, 30,  7, 10,  6, 31, 28, 46, 25, 16, 36, 13, 22, 24,  7, 17, 21,  9, 42,
   25, 27, 26, 32, 33, 47, 42, 16, 20, 21, 18, 11, 12, 28,  6, 42, 12, 40, 37, 45, 26, 26, 48, 14, 19, 31, 46, 46,  8, 36, 42, 11, 19, 39,
   27, 39, 27, 43, 34, 44, 40, 48, 20, 11, 45, 33, 31, 34, 11,  7, 32,  7, 39, 25, 30, 34, 26, 42,  9, 21, 39, 38,  9, 10, 20, 30, 18, 45,
   37, 37, 45, 26, 27, 35, 29, 10, 36,  6, 41, 34, 34, 18, 16, 22, 22, 25, 45, 32, 44, 32, 24, 14, 28, 11, 40, 37, 34, 11, 38, 33, 37, 31,
   27, 22, 13, 24, 19, 25, 32, 18,  9, 15, 20, 15, 10, 43, 34, 30, 21, 26, 46, 42, 19, 23, 21, 13,  6, 42, 19, 34, 12, 44, 26, 27, 36,  8,
   46, 47, 31, 21, 29, 28, 17, 23, 42, 30, 10, 15, 38, 35,  6, 35, 15, 20, 27, 48, 15, 44, 35, 18, 44, 24, 35, 43,  9,  9, 17, 10, 28, 19,
   15, 16, 47, 14,  8, 12, 39, 16, 37,  6, 48,  7, 40, 28, 12, 23, 10, 16, 11, 40, 27, 20, 31, 25, 40, 16, 30, 15, 43, 14, 41,  7, 46, 11,
   12, 35, 21,  8, 45, 12, 27, 21, 43, 46, 45, 45, 41, 18, 15, 31, 25, 48, 37, 33, 16, 22, 42, 20, 26, 14, 40, 31, 34, 18,  8,  7, 18,  7,
   37, 17, 31,  7, 17, 35, 27, 20, 34,  9,  9, 17, 35, 48, 24, 17, 27, 43, 34, 22, 45,  7, 25,  6, 40, 45, 29, 18, 10, 39, 15, 14, 14, 40,
   36, 28, 26, 22, 45, 15, 17, 38, 14, 32, 34, 11, 15, 33, 17,  7,  6, 24, 29, 10, 47,  7, 12, 44,  6, 38, 36, 45, 18, 34, 37, 24, 24, 19,
   45, 12, 28, 47, 23, 22, 13, 16,  9, 44, 20, 28, 28, 46, 31, 24, 42, 23, 36, 27, 27, 38, 37, 16,  7, 36, 45, 30, 35, 25, 20, 18,  9, 48,
   17, 15, 39, 32, 19, 34, 10, 18, 36, 10, 31, 19, 28, 33, 28, 41, 38, 16, 46, 43, 28, 16, 28, 30, 20, 28,  8, 13, 19, 38, 45, 47, 43, 25,
   17, 30, 33, 31, 43, 19, 24, 37, 14, 40, 41, 41, 24, 16, 35, 19, 46, 28, 18, 33, 43, 26, 24, 15, 30, 35, 10,  6, 13, 39, 23, 25, 28, 16,
   24, 40, 27, 45, 42,  7, 32, 40, 24, 16, 25, 27, 21, 16,  8, 14, 18, 34, 48,  6, 38, 44, 45, 35, 28, 35, 20, 45, 25, 11, 42, 16, 39,  7,
   26, 20, 34, 47, 26, 27, 15, 46, 26, 42, 47, 13, 36,  6, 24, 17, 41, 45, 14, 43, 12, 40, 45, 29, 47, 42, 20, 13, 12, 37, 43,  8, 28,  6,
   35, 31, 13, 19, 45, 15, 23, 43, 17, 47, 40, 19, 24, 48],
  [46, 32, 38, 49, 32, 32, 33, 37,  8, 31, 36, 29, 11, 13, 42,  9,  8, 16,  8, 24, 34, 33, 49, 27, 18, 50, 32, 41, 15, 50, 10,  9, 15, 48,
   17, 39, 22, 12, 28, 14, 44, 31, 47, 25, 43, 26, 33, 18, 32, 11,  9, 15, 34, 32, 21, 23, 42, 19, 35, 31, 20, 29, 41, 24, 51, 42, 33, 38,
   36, 38, 50, 11, 28, 49, 29, 38, 40, 37, 40, 10, 38, 31, 33, 27,  9, 28, 20, 20, 34, 12, 29, 17, 22, 34, 29, 38, 31, 22, 36, 15, 37, 27,
   16, 20, 36, 19, 51, 49, 31, 27, 26, 31, 28, 21, 48, 40, 32, 13, 15, 13, 33, 21, 40, 32, 18, 40, 43, 29, 16, 18, 46, 47, 22, 14, 25, 13,
   23, 43, 50, 17, 14, 11, 13, 49, 12, 26, 24, 14, 42, 49, 45, 23, 37, 15, 21, 32, 19, 37, 48, 29, 39, 44, 11, 29, 36, 23, 51, 35, 16, 32,
   45, 28, 20,  9, 18, 27, 31, 32, 36, 28, 16, 34, 26, 41, 31, 31, 19, 35, 50, 23, 44, 46, 27, 39, 25, 33, 14, 31, 47, 46, 12, 46, 24, 43,
   43, 51, 40, 31,  8, 26, 50, 44, 37, 26, 38, 23, 44, 30, 51, 16, 39, 10, 38, 32, 13, 15, 20, 24, 38, 27, 50, 47,  9, 14, 21,  9, 47, 40,
   33, 47, 39, 27, 40, 36, 41, 38, 25, 12, 30, 35, 36, 48, 10, 15,  8, 30, 10, 17, 33, 49, 49, 42,  9, 48, 44, 16, 31, 37, 38, 23, 33, 15,
   47, 34, 40, 22, 26,  9, 19, 16, 44, 41, 31, 27, 50, 11, 34, 36, 37, 47,  8, 26, 44, 12, 18, 16, 46, 20, 14, 42, 29, 15,  9, 43,  9, 31,
   25, 19, 19, 34, 49, 12, 42, 20, 49, 51, 51, 17, 31, 17, 13, 17, 41, 35, 15, 42, 40, 38, 20, 46, 19, 42, 43, 21, 45, 37, 14, 40, 24, 46,
   35, 42, 34, 29, 38, 51, 39, 33, 39, 47, 46, 28, 50, 35, 39, 51,  8, 15, 24, 17, 35, 46, 34, 31, 36, 28, 38, 40, 17, 47, 38, 44, 21, 40,
   22, 35, 20, 22, 13, 33, 41, 25, 20, 22, 29, 23, 10, 15, 16, 49, 23, 11, 19, 29, 45, 36, 18, 40,  8, 37, 22, 14, 10, 27, 28, 48, 36, 11,
   17, 21, 13, 34, 39, 41, 23, 30, 45,  8, 33, 28, 51, 13, 34, 49,  9, 43, 39, 46, 40, 13, 18, 51, 21, 11, 25, 25, 37, 30, 10, 37, 51, 42,
   10, 21, 21, 41, 11, 30, 16, 34, 18, 36, 37, 29, 15, 49, 51, 28, 40, 28, 32, 28, 21, 33, 38, 31, 46, 44, 10, 33, 23, 11, 33, 42, 33, 16,
   48, 51, 51, 49, 26, 16, 30, 32, 50, 37, 19, 49, 33, 25, 33, 12, 23, 20, 34, 49, 22, 14, 44,  9, 47, 27, 23, 48, 10, 40, 27,  8, 44, 45,
   11, 50, 46, 20, 30, 44, 34, 49, 22, 17, 43, 22, 12, 46, 33, 29, 40, 44, 15, 22, 26,  9, 36, 31, 43, 22, 30, 18, 27, 22, 37, 12, 42, 30,
   32, 47, 29, 17, 14, 25, 40, 14, 30, 51, 33,  9, 19, 25, 22, 43, 41, 28, 13, 34, 19, 26, 17, 15, 41, 44, 41, 24, 44, 23,  9, 35, 13, 44,
   22, 45, 30, 25, 35, 37, 36, 30, 45, 20, 41, 47, 33, 20, 29, 28, 15, 51, 17, 16, 27, 19, 40, 11, 17, 46, 20, 30, 28, 18, 29, 40, 21, 32,
   42, 47, 28, 41, 51, 31, 13, 38, 33, 18, 39, 11, 45, 47, 40, 15, 17, 33, 51, 28, 10, 19, 33, 13, 27, 50,  9, 10, 19, 26, 26, 30, 13, 50,
   31, 23, 10, 10, 50, 23, 28, 32, 10, 19, 12, 44, 10, 14, 13, 47, 13, 43, 12, 16, 21, 46, 37, 46, 50, 51, 12, 12, 44, 37, 24, 13, 49, 48,
   17, 46, 30, 18, 46, 44, 43, 28, 17, 23, 39, 32, 26, 35, 34, 44, 26, 51, 10, 17, 11, 18, 48,  9, 23, 28, 44,  9, 48, 11, 37, 41, 42, 38,
   13, 31, 11, 26, 25, 42, 29, 26, 15, 12, 15, 49, 46, 13, 37, 12, 24, 48, 46, 32,  8, 24, 32, 13, 15, 51, 13, 20, 27,  8, 21, 26, 35, 19,
   26, 37, 10, 20, 34, 39, 23, 44, 26, 44, 23, 42, 23, 41, 44, 28, 44, 17, 46, 15, 36, 21, 25, 47, 29, 30, 16, 41,  8, 41, 40, 49, 25, 16,
   44, 13, 37, 10, 27, 13, 42, 28, 46, 24,  9, 25, 14, 41, 47, 16, 31, 31, 33, 40, 22, 21, 31, 50, 38, 43, 49, 22, 49, 37, 34, 40, 31, 32,
   18, 46, 16, 41, 36, 33, 49, 17, 24, 28, 25, 35, 35, 32, 50, 15, 17, 37, 26, 20, 13, 27, 50, 49, 16, 10, 21, 50, 29, 44, 30, 44, 38, 48,
    8, 17, 46, 39, 32, 15, 44, 49, 33, 31, 17, 51, 41, 35, 33,  8, 31, 12, 18, 44, 40, 44, 50, 31,  8,  8, 38, 18, 33, 44, 15, 45,  9, 28,
   43, 28, 42, 21, 23, 35, 50, 30, 29, 42, 28, 10, 11, 51, 10, 51, 41, 35, 36, 44, 18, 23, 46, 16, 50, 20, 34, 17, 41, 20, 25, 35,  8, 16,
   36, 23, 27, 20, 48, 16, 20, 45, 33, 31, 29, 17, 44, 29, 48, 26, 20, 50, 33,  9, 20, 35, 19, 27,  8, 40, 29, 23, 18, 11, 36, 18, 29, 24,
   22, 48, 32, 29, 42, 24, 41, 43, 25, 14, 22, 51, 24, 47, 14, 35, 27, 23, 20, 15, 18, 35, 22, 46, 45, 22, 26, 46,  9, 41, 24, 18, 28, 37,
   51,  9, 46, 17, 49, 25, 20,  8,  9, 18, 48, 17, 28, 37],
  [20, 28, 24, 19,  9, 29,  8, 42, 27, 28, 17, 42, 39, 10, 34, 26, 22, 32, 18, 40, 25, 22, 34, 41, 11, 23, 23, 38, 16, 21, 37, 13, 32, 39,
   37, 37, 34, 39, 30, 37, 21, 12, 15,  9, 17,  8, 35, 21, 10, 26, 19, 25,  8, 16, 21, 15,  9, 38, 26,  9, 42, 38,  9,  6, 31, 40, 40, 31,
   10, 23, 33, 15, 24, 21, 14, 32, 16, 18, 13, 39, 16, 26,  7, 35, 40,  6, 15, 11,  9, 29, 35,  6, 37, 10, 16, 40, 16, 15, 37,  7, 29, 24,
   24, 11, 30, 39, 25, 22, 29, 16, 25,  8,  9,  8, 13,  7, 25, 12,  6, 14, 39, 33,  8, 19, 20, 40, 33, 18, 34, 14, 34, 13, 34, 12, 13, 10,
    9, 13, 24,  7, 19, 34, 11, 21,  7, 39, 39, 24, 37, 38, 21, 35, 40, 38, 15, 40, 42, 22, 26,  8, 13, 30, 36, 32, 30, 36, 10, 39,  8, 40,
   10, 17, 34, 34, 22, 41, 31, 14, 33, 30, 20, 10, 36, 37, 40, 27,  7, 12, 25, 35, 26, 21, 13, 10, 17,  6, 35, 24, 23, 27, 14, 41, 15, 13,
   19, 27, 32, 12, 13, 35, 35, 24, 21, 39, 40, 42, 23, 31, 37, 40,  7, 33, 30, 16, 41, 15, 35, 12, 27, 14, 24, 30, 31, 42, 16, 39, 34, 42,
   18, 40, 19, 30, 19, 22, 33, 23, 38,  8, 18, 42, 25, 21, 31, 22, 37, 41, 33, 21, 13, 36,  6, 36, 41, 40, 27,  7, 38, 34, 38, 35, 22, 26,
   34, 33, 30, 26,  9, 17, 20, 24, 13, 37, 24, 26,  8, 40, 10, 40, 11, 10, 17, 35, 28, 40, 34, 25,  9, 40, 16, 32,  6, 32, 21, 23, 37, 33,
   29, 21, 26, 24, 33, 39, 12, 13, 41,  8, 32, 12, 36, 10, 28,  7, 11, 11, 30, 33, 39, 26, 15, 39, 19,  9, 26, 17, 29, 12, 38, 41,  7, 39,
   26, 30, 31, 38, 30, 26, 10, 28, 20, 34, 13, 25, 16, 15, 20, 27, 40, 40, 37, 23, 38, 12,  9, 13, 15, 18, 33, 35, 37, 33, 34, 40, 35, 34,
   11, 27, 27,  6, 25, 13,  7, 12, 33, 20, 15, 10,  8, 21,  8, 34, 24, 25, 41, 32, 11, 32, 27, 16, 25, 25, 40,  6, 20, 41, 39, 13, 18, 25,
   27, 27, 17, 21, 24, 17, 35, 42, 32, 15, 22, 12, 24, 20, 32, 30, 28, 42, 20,  6, 20, 13, 15, 11, 33, 35, 19, 14, 10, 25, 20, 35, 37, 36,
   14, 10, 42,  7, 16, 36, 37, 32, 23, 17, 24, 18, 31, 15, 24, 40, 18, 42, 37, 36,  7,  9, 34, 18, 11, 34, 35, 16, 26, 27, 29, 14,  6, 12,
   41, 16, 26, 37, 35, 14, 34, 33, 42, 30, 14, 20, 32, 21, 22,  8, 20, 30, 28, 30,  6, 38, 31, 31, 19, 18,  8, 22, 17, 28, 35, 19, 25, 37,
   40, 33, 34, 20,  7, 10, 11,  9, 29, 42, 25,  6, 21, 41, 41, 33, 17, 24, 37, 41, 20,  8, 31, 24, 39, 21, 17, 31, 17, 17, 21, 31, 34, 21,
   26,  7, 38, 34, 16, 12, 24, 39, 28, 14, 12, 28, 24, 42, 40, 42, 27, 17, 12,  9, 14, 42, 28, 37, 24, 32, 32,  7, 28, 41, 41, 25, 11, 34,
   37, 36, 33, 32, 39, 13, 21, 33, 29, 36, 29, 19, 32, 32, 22, 14, 29, 28, 17, 22,  9, 16,  6, 14, 31, 29, 30,  6, 21, 18, 16, 25, 33, 40,
   42, 40, 17, 29, 28, 18, 27, 37, 27, 36, 39, 23, 18,  6, 41, 40, 17, 23,  6, 41, 25, 41, 27,  9, 23, 38, 41,  7, 34, 12, 23, 37, 35, 32,
   26, 30,  9, 42, 30, 14, 23, 14, 34, 42, 15, 26, 12, 35, 24, 20, 35, 12, 18,  6, 27,  7, 14, 11, 15, 10, 36, 10,  8, 11, 40, 38,  9, 25,
   40, 36, 37, 27,  8, 12, 28, 17,  6, 18, 26, 17, 11, 14, 27, 11, 11, 19, 14, 40, 23, 32, 11, 15, 21, 32, 27, 14, 42, 19, 22, 10, 41,  9,
   11, 28, 32, 39, 12, 38, 37, 10, 30, 27, 10, 23, 27, 25, 34,  7, 36, 31, 25, 14, 21, 42,  8, 20, 23, 18, 25, 34, 30,  9, 28, 23, 25, 35,
   42, 11, 34, 32, 24, 17, 22, 28,  7, 27, 35, 18, 29, 42, 21, 41,  9, 39, 26, 16, 20,  9,  8, 38, 37, 37, 15, 35, 28, 18, 24, 35,  7, 19,
    6,  7, 33, 15, 34, 28, 16, 13, 23, 37, 38, 18, 11, 38, 21, 17, 13, 36, 26, 35, 26, 15, 20, 10, 32, 35, 33, 29, 20, 24, 33, 30, 31, 11,
   28, 42, 29, 30,  7, 17,  9, 11, 18, 27, 26, 19, 20, 25, 31, 35, 10, 23, 24, 32, 16, 31, 38, 39, 29, 17, 12,  9, 19, 33,  7, 34, 11, 20,
   15, 10, 24, 42, 24, 30,  6, 15, 21, 38, 21, 32, 26, 27, 13, 10, 41,  6, 28,  7, 41, 36, 18, 15, 20,  6, 25, 17, 21, 37, 42, 40, 19,  7,
   17, 16, 23, 26, 17, 25, 31,  6,  7, 17, 21, 41, 32, 22, 38, 25, 27,  8, 13, 37, 21,  9,  8, 11, 26, 25, 42, 20, 13, 30, 27, 36, 28, 42,
   41, 12,  9, 33, 27, 18, 41, 35,  8, 21, 37, 31, 28, 25, 10, 23, 34, 28, 36, 33, 40, 36, 30, 16, 30, 19, 12, 14, 40, 14, 23, 33, 37, 26,
   39, 27, 34, 15,  7, 21, 30, 13, 13, 23, 26, 10, 23, 15, 23, 21, 42, 16, 11, 30, 11, 21,  6, 42, 40, 11, 25, 24, 39, 32, 31, 33, 19, 19,
   38, 42, 37, 35, 34, 13, 31, 35, 10,  8, 23, 35, 23, 34],
  [50, 30, 18, 13,  7, 16, 28, 48, 35, 33, 14, 10, 44, 40, 14, 18,  8, 34, 36, 26, 50, 39, 43, 33,  6, 42, 15, 40,  7, 46, 39, 36, 50, 30,
   41, 12, 18, 11,  7, 42, 45, 14, 28, 22, 18,  7, 12, 50, 48, 43,  9, 36, 39, 28, 20, 13, 13,  8, 42,  9, 33, 41, 20, 25, 13, 39, 21, 12,
   35, 20, 11,  6,  8, 31, 38, 23, 20, 50, 34, 36, 23, 23, 23, 49, 10, 23, 23, 32, 35, 18, 35, 43, 48, 30, 42, 45, 18,  6, 25, 15, 12, 42,
   45, 50, 50, 24, 46, 11, 28, 12, 43,  9, 31, 38, 39, 24,  6, 37, 11, 19, 11, 13, 11, 34, 39, 31, 47, 30, 43, 40,  6, 26, 36, 12, 22, 24,
    8, 47, 31, 30, 32, 22,  8, 16, 48, 34,  7, 32, 19,  7, 27, 24, 33, 24, 44, 12, 29, 39, 21, 10, 18, 26, 46, 16, 27, 10, 34, 49, 22,  8,
    9, 23, 29, 25, 36,  7, 27, 20, 35, 45,  7, 46, 16, 40, 14, 25, 14, 39, 33,  6, 31, 47, 19, 10, 17, 33, 15, 43, 34, 39, 46, 31, 14, 33,
   41, 10, 50, 40, 47, 48, 15, 42, 38,  7, 24, 12, 31, 10, 21, 12, 10, 16, 29, 41, 32, 14,  9, 30, 31, 28, 32, 41,  9, 37, 41, 13, 30, 41,
   45, 39, 12, 34, 49, 34, 45, 29,  6,  6, 49, 45, 16, 41, 42, 31,  8, 22, 32, 28, 46, 23, 40, 38, 32, 29, 44,  6, 18,  9, 19, 15,  6, 29,
   21, 20, 40, 15,  8, 20, 47, 44, 33, 27,  9, 19,  6, 16, 24, 26, 18, 26, 22,  9, 25, 41, 22, 34, 41, 41, 43, 33, 38, 29, 46, 38, 13, 23,
    9, 46, 40, 24, 32, 27, 48, 16, 27, 16, 30, 50, 43,  6, 16, 24, 39, 38, 46, 23, 37, 10, 25, 20,  8, 49, 45, 15,  9, 14,  7, 42, 34, 30,
   42, 13, 14,  8, 18, 20, 26, 28, 48,  6, 38, 19, 29, 38, 13, 14, 35, 44, 48, 16, 21, 39, 46, 23, 25, 42, 17, 41,  8,  8, 34, 17, 49, 18,
   50, 46, 14, 38, 41, 34, 19, 19, 43, 45, 40, 15, 42, 25, 22, 24, 33, 45, 33, 17, 50,  6, 14, 31, 21, 11,  7, 43, 47, 21, 24, 40, 31, 27,
    8, 35, 12, 42, 31,  6, 36, 46, 48, 34, 37, 36, 43, 19, 38, 35, 48, 45, 37,  6, 16, 10, 21, 37, 27, 30, 49, 41, 37, 10, 39, 29, 46, 19,
   10, 26, 13, 24, 32, 10, 46, 20, 47, 31,  7, 13, 39, 44,  8, 32, 30, 30, 22,  9,  8, 27, 11, 31, 26, 17, 15, 21, 21, 35, 32, 15, 47, 44,
    9,  7, 50, 40, 43,  6, 10, 48, 27, 15, 31, 13, 26, 33, 22, 12, 31, 40, 22, 19, 48, 13, 36,  6, 31, 28, 10, 30, 44, 15, 33, 10, 48, 17,
   43, 18, 15, 50, 41, 35, 19, 32, 30, 29, 12, 27, 43, 20, 40, 50, 20,  7, 35, 43, 13, 18, 45, 38, 43, 33, 28, 34, 47, 27, 45, 10, 18, 23,
   15, 21, 26,  8, 22, 39, 16, 47, 29, 38, 38, 32, 29, 27, 19, 35, 45, 14, 45, 32, 15, 21, 18, 45, 13, 15, 10, 20, 38, 42, 13, 41, 32,  7,
   45, 39, 12, 13, 33, 16, 15, 24, 17, 39,  8, 40, 34, 24, 44, 37, 45, 15, 40, 47, 18, 28, 12, 10, 11, 27, 34, 14, 39, 36, 44, 48, 17, 43,
   36, 49, 34,  6, 40, 24, 12, 19, 11, 48, 16, 16, 36, 28, 14, 10, 20, 38, 32, 23,  9, 49, 11, 35, 20, 28, 13, 21,  6, 30, 36, 37, 18, 33,
   25, 31, 17, 19, 27, 31, 41,  6, 18,  7, 34, 14, 22, 14, 45, 14, 38, 10, 40, 41, 23, 16, 39, 41, 44, 10,  8, 11, 34, 32, 43, 38, 13, 10,
   13, 27, 22, 35, 42,  6, 29, 39, 29, 33, 47, 41, 19, 20, 14, 39, 36, 30, 28, 27, 10, 10, 42, 28, 46, 31, 49, 42, 45, 50, 18, 15, 47, 16,
   43, 44, 27,  7, 20, 34, 19, 46, 18, 21, 29, 33, 34, 50, 10, 36, 35, 22, 28, 30, 40, 16, 30, 41, 24, 39, 34, 33, 21, 12, 25, 20,  7, 46,
   11, 30, 45, 48, 46, 49, 37, 26, 20, 23, 20, 43, 18, 35, 18, 33, 27, 35,  7,  8, 20, 38, 16, 34,  9, 41, 30, 19,  7, 39, 42, 39, 39, 32,
   28, 15, 34, 25, 20, 47,  9, 20, 16, 33, 26, 23, 47, 33, 20, 27, 26, 18, 44, 46, 47, 32,  6, 18, 10, 42, 28, 16, 26, 45, 46, 29, 15, 24,
   48, 28, 24, 45, 20, 30, 49,  6, 21, 21, 27, 34, 38, 50,  6, 17,  8, 30, 50, 45, 12, 26, 11, 13,  7, 31, 28, 48,  7, 48, 37, 17, 49, 40,
   14, 31, 47, 38, 45, 37,  7, 13, 15, 35, 45, 31,  9, 34, 25,  8, 30, 28, 10,  8, 20, 36, 24, 41, 46, 19, 46, 30, 17, 30, 11, 29, 37, 33,
   36, 47, 31, 11, 24, 40, 13, 11, 39,  7, 11, 16, 35, 36, 16, 13, 28, 17, 36, 42, 24, 30, 18, 28, 15, 41, 26, 14,  6, 31, 26, 30, 22, 37,
   50, 12, 45, 11, 15, 41, 15, 45, 18, 13, 33, 26, 31, 22, 42, 23, 32, 28,  7, 10, 33, 14, 15, 34, 21, 24, 41, 30, 15,  7, 19, 47, 39, 21,
   21, 32, 40, 18, 30, 19, 22, 36, 36, 42, 10, 49, 25, 32, 24, 45, 43, 47,  9, 19, 12, 49, 19, 38, 38, 12, 29, 44, 27, 14, 38, 31, 13, 19,
   33, 16, 46, 47, 10, 41, 20, 20, 39, 31, 48, 20, 49, 40],
  [47, 35, 28, 26, 20, 29, 27, 22, 41, 53, 19, 20, 47, 19, 50, 30, 17, 37, 35, 35, 29, 44, 49, 30, 22, 52, 49, 32, 36, 11, 16, 52, 12, 25,
   45, 50, 13, 49, 32, 18, 16, 28, 49, 41, 28, 44, 21, 51, 16, 43, 23, 51, 13, 45, 10, 25, 37, 27, 27, 36, 46, 19, 25, 10, 10, 29, 45, 46,
   18, 10, 17, 30, 22, 21, 36, 50, 40, 18, 41, 15, 38, 20, 10, 48, 52, 43, 43, 22, 24, 44, 37, 17, 28, 42, 26, 38, 30, 45, 43, 47, 42, 52,
   16, 27, 16, 46, 38, 22, 15, 52, 25, 51, 13, 46, 35, 53, 27, 29, 35, 22, 46, 49, 26, 29, 14, 50, 25, 35, 32, 44, 11, 15, 10, 26, 21, 46,
   50, 28, 26, 12, 32, 52, 53, 25, 27, 25, 15, 37, 12, 44, 35, 43, 36, 22, 43, 24, 16, 47, 16, 44, 21, 23, 32, 29, 35, 25, 50, 39, 28, 43,
   23, 44, 48, 23, 49, 46, 47, 49, 37, 27, 17, 12, 24, 41, 26, 23, 26, 24, 41, 12, 14, 40, 27, 13, 43, 12, 31, 42, 25, 43, 21, 46, 40, 39,
   10, 33, 37, 26, 32, 38, 15, 52, 48, 39, 33, 47, 40, 26, 52, 50, 12, 49, 14, 36, 47, 51, 21, 16, 28, 13, 14, 31, 29, 25, 30, 27, 28, 30,
   45, 29, 30, 24, 33, 52, 28, 32, 18, 32, 14, 43, 53, 51, 46, 35, 33, 51, 30, 43, 45, 30, 41, 38, 13, 25, 34, 17, 43, 41, 34, 27, 19, 22,
   38, 12, 45, 32, 45, 17, 41, 47, 39, 14, 19, 53, 18, 28, 10, 19, 30, 18, 32, 45, 35, 18, 15, 23, 41, 33, 48, 14, 15, 33, 18, 44, 13, 43,
   43, 18, 28, 25, 46, 15, 21, 22, 50, 25, 30, 42, 32, 28, 38, 32, 45, 22, 40, 31, 47, 41, 10, 28, 27, 38, 10, 12, 26, 23, 20, 28, 39, 32,
   32, 42, 14, 51, 29, 50, 27, 49, 52, 49, 50, 28, 37, 14, 53, 30, 28, 50, 40, 38, 15, 22, 37, 40, 16, 34, 40, 34, 13, 12, 38, 50, 44, 41,
   10, 40, 48, 36, 16, 12, 16, 46, 41, 48, 44, 25, 36, 37, 10, 26, 24, 20, 49, 12, 44, 27, 13, 39, 23, 40, 26, 44, 47, 53, 45, 23, 13, 49,
   28, 11, 27, 43, 14, 44, 25, 20, 46, 21, 41, 52, 10, 14, 43, 23, 46, 26, 34, 37, 35, 49, 24, 23, 38, 44, 45, 44, 11, 23, 17, 45, 50, 15,
   20, 50, 44, 11, 12, 17, 48, 44, 13, 26, 48, 51, 43, 44, 24, 12, 35, 46, 32, 11, 18, 20, 17, 51, 32, 33, 38, 18, 21, 47, 52, 20, 22, 17,
   25, 12, 12, 29, 40, 16, 38, 14, 19, 15, 16, 28, 16, 25, 37, 49, 28, 53, 44, 21, 19, 24, 42, 47, 34, 11, 37, 28, 27, 36, 37, 40, 35, 51,
   18, 22, 53, 14, 37, 32, 33, 14, 47, 26, 21, 16, 20, 17, 34, 49, 36, 39, 29, 11, 15, 31, 48, 44, 46, 45, 28, 16, 18, 38, 13, 28, 16, 47,
   36, 47, 18, 37, 34, 42, 36, 39, 28, 12, 52, 50, 45, 40, 18, 38, 18, 37, 46, 46, 44, 11, 32, 24, 20, 33, 48, 19, 32, 53, 29, 31, 35, 53,
   34, 27, 43, 37, 44, 11, 47, 43, 51, 16, 11, 24, 53, 23, 36, 17, 18, 39, 50, 19, 23, 52, 32, 30, 32, 26, 31, 12, 45, 24, 43, 17, 25, 12,
   18, 35, 11, 24, 15, 22, 11, 11, 50, 19, 22, 13, 41, 19, 39, 53, 44, 41, 21, 41, 24, 22, 35, 12, 21, 37, 49, 26, 18, 11, 50, 18, 18, 10,
   18, 28, 52, 12, 15, 23, 29, 17, 43, 50, 10, 50, 12, 38, 10, 13, 25, 52, 39, 16, 53, 28, 34, 48, 52, 48, 22, 48, 33, 18, 47, 13, 49, 34,
   14, 53, 52, 27, 39, 49, 34, 14, 31, 21, 41, 42, 43, 48, 26, 27, 18, 32, 12, 33, 19, 30, 30, 53, 40, 32, 15, 22, 53, 41, 46, 53, 12, 22,
   27, 30, 47, 45, 39, 15, 43, 13, 42, 53, 31, 36, 36, 41, 29, 46, 46, 15, 15, 38, 12, 16, 43, 35, 45, 18, 27, 39, 19, 52, 46, 37, 36, 35,
   14, 10, 36, 49, 49, 41, 45, 40, 35, 37, 18, 23, 23, 44, 43, 32, 29, 18, 39, 14, 32, 15, 26, 15, 22, 49, 42, 23, 28, 38, 23, 13, 32, 25,
   33, 52, 21, 38, 16, 43, 14, 10, 15, 34, 31, 49, 23, 19, 15, 48, 52, 34, 46, 21, 29, 43, 50, 29, 52, 44, 46, 46, 46, 48, 12, 39, 25, 51,
   30, 32, 16, 15, 31, 28, 28, 43, 52, 30, 49, 43, 46, 47, 31, 12, 19, 28, 10, 38, 12, 39, 46, 30, 32, 16, 41, 25, 45, 40, 30, 25, 45, 19,
   12, 23, 41, 14, 15, 23, 36, 22, 10, 21, 46, 20, 32, 31, 36, 50, 39, 38, 44, 26, 49, 44, 28, 52, 29, 26, 36, 13, 21, 15, 39, 24, 31, 29,
   17, 41, 41, 44, 15, 51, 44, 19, 53, 16, 14, 13, 29, 18, 51, 24, 29, 53, 12, 25, 30, 43, 35, 48, 43, 28, 20, 16, 32, 30, 17, 14, 20, 34,
   20, 50, 19, 36, 35, 28, 30, 50, 37, 14, 27, 23, 29, 13, 51, 46, 34, 29, 12, 53, 34, 28, 38, 41, 16, 19, 28, 24, 17, 24, 25, 49, 20, 16,
   31, 13, 51, 17, 14, 47, 48, 16, 51, 31, 18, 45, 26, 51, 20, 43, 28, 24, 47, 44, 12, 37, 33, 32, 11, 50, 27, 20, 31, 32, 13, 28, 17, 34,
   18, 37, 34, 36, 52, 20, 19, 11, 42, 20, 41, 46, 35, 53],
  [45, 29,  9, 57, 44, 56, 25, 40, 18, 20, 52, 13,  5, 44, 49, 16, 10, 42, 10, 34,  3, 29, 31, 44, 14,  4, 39,  8, 11, 16, 56, 37, 44, 52,
   25, 53, 15, 45, 11, 38, 14, 40,  6, 56, 42, 49, 39, 33, 47, 25, 57, 22, 19, 57,  5, 47, 49, 33, 31, 49, 30, 43, 32, 28, 23, 36, 35, 22,
   18, 34, 40, 11, 58, 48, 47,  6, 24, 41, 56, 30, 17, 48,  5, 46, 27, 40, 36, 59, 51, 48, 17, 58, 56, 29, 14, 29, 58, 45,  3, 12, 27, 35,
   43, 27,  4, 31, 16, 17, 32, 20, 13, 25, 21, 36, 48, 59,  5, 13, 38, 58, 31, 22, 50, 27, 57, 46, 13,  5, 40, 47, 32, 40, 52, 25, 24, 39,
   26, 28, 49, 53, 22, 14, 36, 15, 34,  7, 15, 22, 41, 54, 41,  8, 59, 28, 49, 47, 27, 21, 32, 19, 25,  6, 34,  5, 56, 41, 19, 45,  5, 59,
   57, 49, 33, 13, 27, 56, 14,  4, 47,  3, 35, 47, 31, 50, 55, 43, 14, 20, 12, 57, 54, 15,  5, 57, 23, 25, 37, 59, 33, 34, 19, 37, 58, 50,
    5, 10, 20, 23, 21, 56, 57, 10, 52, 43, 53, 30, 38, 58, 18,  9, 59, 52, 27,  5,  5, 46, 56, 29,  6, 35, 59,  9,  9, 14, 51, 43, 32, 17,
   15, 38, 29, 22, 24, 39, 28, 52, 31, 53,  7, 11, 39, 44, 24, 47, 37,  5,  6, 12, 38, 11, 55, 46, 33,  9, 20, 39, 46, 20, 24, 32, 32, 46,
   31, 47, 10, 41, 39, 13, 28, 44,  6, 58, 53, 49, 39, 39, 35, 22,  3,  7,  9, 46, 42, 16, 26, 39,  5, 19, 17, 18, 59, 15, 51,  7, 54, 55,
   13,  7, 46, 11, 35, 43, 49, 41, 20, 53, 59, 32, 56, 38, 48, 10, 50,  8, 17, 42, 59, 31, 41,  7, 22, 49, 59, 46, 23, 22, 12,  6, 32, 50,
   38,  7, 34,  3, 36,  9, 15, 45, 34,  3, 12,  4, 58, 45, 58, 17,  6, 57, 56, 32,  6, 14, 43,  7, 29, 58, 45, 38, 54, 42, 54, 46, 25, 20,
   57, 26, 30, 53, 19, 14, 20,  8,  6,  4, 56, 18, 45, 46, 31, 58, 44, 58,  7, 33, 17, 36, 24, 27, 19, 55, 40, 32, 31, 49, 56, 36, 33, 33,
   13, 45, 50, 55, 35, 34, 31, 24, 54, 36, 44, 14, 54, 20, 38, 37, 43,  4,  9, 37,  4, 18,  8, 33, 53, 45, 13, 49,  4, 12, 33, 41, 35, 47,
   26, 30, 45, 38, 33, 51, 37, 46, 45, 16, 37, 10,  3, 47, 53, 12,  5, 20, 46, 46, 42, 47,  4, 17, 29,  6, 57, 24, 56, 53, 15, 10, 21, 43,
   58, 41, 32, 45, 45, 52, 49, 49, 36, 56, 55, 34, 10, 47, 54, 39, 44, 21, 17, 33,  8, 28, 25, 31, 50, 13,  7, 11, 55,  4, 39, 40, 33, 10,
   24, 17,  7,  5, 58, 45, 55, 56, 57, 23, 40, 54, 51, 12, 44,  3, 47, 50,  4, 26,  9, 27, 58,  3, 32,  6, 10, 13, 12,  5, 23, 58, 50, 31,
   51, 42, 14, 18, 49, 12, 56, 30, 32, 36, 24, 39, 28, 41, 54, 58, 35, 16, 17, 52, 46,  9, 24,  4, 28,  4,  6, 34, 17, 14, 58, 39, 18, 51,
   47, 53, 34, 55,  4,  6,  3, 56, 12, 36, 44, 22, 32, 58, 52, 33, 24, 56, 10, 26, 18, 57, 45, 57, 41, 58, 38, 15, 15,  4, 34, 33, 16,  8,
   47, 19,  7, 38, 12, 42, 11, 46, 11, 17, 59, 28, 45, 24,  3, 48, 43, 42, 13, 45, 18,  9, 42, 22, 10, 13, 13, 57, 54, 16,  4, 34, 30, 31,
   14, 24, 14, 40,  9, 35, 20, 26, 40, 20,  9,  3,  5, 40, 57,  9, 57, 18, 42, 19, 14, 36,  8, 50, 39, 35, 25, 10, 59, 57, 36, 14, 41, 12,
   37, 38, 21, 38, 12, 37, 48, 19, 44, 19, 54, 28, 21, 29, 44, 49, 37, 21, 58, 14, 43, 29, 53, 44, 24, 22, 53, 11, 23, 25, 31, 37,  9, 20,
   50, 56, 20, 31, 20, 22, 24, 30, 51, 28, 28, 42, 44, 41, 12, 35, 48, 32, 36, 46, 10, 16,  7, 21, 52, 34, 19, 16, 48, 31, 35, 40, 23,  4,
    5,  3, 54, 20, 37, 40, 30, 51, 25, 43, 37, 54, 43, 48, 43, 54, 35, 52, 50, 37, 15, 25, 40, 20, 46, 58, 16, 15, 44, 25,  5, 44,  6,  3,
   42,  4, 18, 37, 30, 39,  8, 12, 11, 34, 36, 34, 42, 29, 34, 20, 41, 42,  9, 50, 58, 34, 32, 42, 36, 23, 23, 49, 20, 46, 27, 35, 47, 58,
   23, 18, 57, 39, 30, 14, 52, 56, 20, 46,  9,  3, 50, 38, 54, 27, 10, 19, 40, 20,  7, 44, 31, 38, 39, 33, 22, 43, 33, 41, 34, 37, 45,  5,
   19, 50, 26, 51, 36, 22, 48, 58, 10, 57,  5, 18, 46, 59, 36,  8, 49, 52, 56, 10, 45, 19, 13, 43, 51, 56, 23, 22, 19, 47, 30, 41, 21, 17,
   48,  6, 19, 41, 16, 37, 44, 15,  7,  4, 22, 11, 18, 23,  6, 13, 12, 33,  8,  8, 15, 44, 34, 53,  5, 44, 43, 15, 10, 21, 13, 29, 40, 58,
   32,  5, 22, 21, 36, 11, 17, 27, 23, 30, 19, 13, 13, 42, 25, 38,  6, 54, 52, 16, 57, 23, 14, 23,  8, 26, 16, 13, 17, 56, 10, 26,  9, 55,
   13, 57, 56, 31,  4, 43, 34, 37, 17, 54, 20, 41, 14, 18, 13, 18, 48, 20, 39, 47,  3, 56, 27,  6,  9, 20, 26, 27, 37, 34, 43,  4,  4, 56,
   44, 17, 56, 26, 23,  6, 33, 31, 26, 31, 59, 43, 40, 26],
  [27, 38, 40, 19, 17, 31, 42, 24, 11, 22, 16, 11, 31,  9, 23, 25,  9, 42, 35, 15, 23, 29, 40,  8, 14, 32, 25, 34, 29, 23, 27, 36, 14, 33,
   24, 37, 36, 27,  8, 40, 38, 16, 39, 33, 14, 17, 25, 27, 40, 11, 17, 28, 10, 26, 36, 10, 39, 42, 40, 32, 26, 30, 33, 21, 11, 12, 10, 27,
   23, 24,  9, 29, 41, 28, 21, 13, 26, 30, 30, 37, 26,  9, 29, 20, 27, 18, 25, 28, 38, 22,  8, 37,  9, 28, 37, 38, 15, 11, 40, 30, 42, 24,
   21,  8, 42, 11, 37, 16, 18, 40, 22, 39, 41,  8,  8,  8, 35, 18, 42, 42, 19, 36, 20, 18, 20, 24, 12, 10, 14, 34, 23, 39, 38, 25, 42, 31,
   12, 37, 14, 33, 37, 19, 22, 10, 10, 16, 21, 24, 31, 33, 38, 16,  8, 32, 40, 24, 16, 29, 10, 16, 40, 21, 23, 21, 15, 35, 28, 42, 10, 17,
   42, 22, 18, 12, 23, 39, 25,  8, 13,  8, 32, 12, 14, 39, 33, 16, 41, 13, 20, 19, 21, 17, 30, 30,  8, 18, 20, 10, 27, 12, 35, 27, 30, 33,
   15, 13, 29, 33, 15,  8, 35,  8, 13, 37, 42, 41, 12, 40, 42, 10,  9, 41, 21, 30,  9, 39, 24, 15, 10,  9, 21, 22, 15,  8, 22, 20, 24, 40,
   12, 16, 34,  8, 17, 40, 40, 17, 26, 12, 12, 16, 23, 22, 31, 20, 23, 11, 24, 10, 23, 25, 18, 27, 29, 11, 24, 39, 35, 27, 26, 38, 25, 40,
   37, 18, 15, 39, 36, 15, 35, 34, 16, 23, 25, 30, 36, 23, 12, 33, 41, 27, 19, 29, 17, 37, 28, 33, 22, 22, 38, 13, 41, 37, 42, 26, 21, 10,
   28,  9, 23, 14, 17, 17, 12, 30, 37,  9, 36, 23, 18, 37, 28, 31, 21, 38, 37, 19, 41,  9, 22, 10, 14, 33, 12,  8, 28, 28, 42, 11, 15, 26,
   33, 38, 39, 26, 40, 10, 22, 35, 34, 35, 33, 41, 11, 35, 21, 38, 25, 37, 35, 17, 14, 10,  9, 10, 18, 22, 20, 17, 40, 12, 21,  9, 30, 33,
   40, 22, 31, 31, 14, 14, 23, 26, 16, 11, 33,  9, 22, 19, 42, 28, 21, 37, 40, 30, 40, 40, 33, 29, 31, 36, 10, 38, 22, 14, 33, 16, 36, 38,
   33, 22, 20, 31, 34,  9, 15, 41, 14, 24, 38, 10, 34,  9, 17, 11, 22,  9, 14, 35, 42, 29, 40, 27, 42, 32, 20, 24, 22, 39, 24, 16, 16, 30,
   11, 20, 28, 26, 19, 27, 24, 21, 30, 23, 38, 35, 21, 29, 24, 34, 23, 39, 18, 22,  8, 28, 32, 20, 28, 34, 31,  9, 35, 25, 12, 17, 34, 40,
   34, 40, 32, 35, 10, 34, 38, 41, 35, 32, 27, 26, 18,  9, 24, 22, 25, 31, 31, 40, 11, 34, 40, 21, 25, 28, 26, 30, 21, 22, 21, 26, 10, 22,
   17, 22, 32, 18, 34, 36,  9,  8, 14, 40, 14, 10, 25, 16, 20, 29, 36, 38, 13, 30, 32, 24, 41,  8, 26, 31, 11, 35, 32, 22, 28, 36, 33, 22,
   35, 11, 42, 12, 32, 22, 39, 36, 25, 33, 41, 33, 11, 37, 30, 19, 30, 29, 42, 28, 13, 17,  9, 10, 10, 11, 39, 13,  8, 26, 14, 31, 30, 30,
   35, 32, 26, 23, 28, 16, 22, 34, 18, 27, 23, 40, 34, 18, 37, 29, 10, 36, 14,  9, 40, 29, 21, 10, 16, 30, 24, 23, 36, 41, 30, 32, 40, 11,
   10, 18, 20, 41, 10, 11, 34,  9, 21, 31,  9, 26, 40, 14, 11, 14, 29, 21, 36, 27, 14, 21, 20, 20, 34, 22, 17, 32, 25, 22, 28, 27, 36, 33,
   28, 41, 24, 32, 26, 38, 41, 26, 36,  9, 29, 35, 20, 16,  9, 32, 41, 37, 17, 23, 15, 31, 23, 16, 42, 29, 24, 20, 16, 23, 23, 20, 39, 38,
   12, 41, 11, 40, 26, 15, 17, 31, 37, 26, 15, 29, 21, 13, 10, 22, 15, 13, 20, 31, 26, 35, 20, 17, 25, 16, 16, 37, 23, 15, 12, 27, 20, 15,
   11, 23, 35, 23, 24, 10, 37,  9, 35, 11, 28, 16, 36, 25, 16, 33, 31, 18, 10, 30, 19, 38, 30, 20, 19, 19, 27, 42, 17, 22, 25,  8, 35, 25,
   12, 41, 37, 31, 27, 22, 20, 14, 19, 34, 19, 25, 10, 32, 26,  9, 22, 23, 40, 42, 39, 22, 28,  9, 16, 24,  8, 40, 13, 23, 12, 33, 30, 21,
   16, 32, 11, 17, 10, 41,  8, 22, 15, 27, 37, 41, 28,  9, 23, 27, 33, 42, 39, 12, 32, 40, 32, 20, 22, 35, 22, 36, 35, 40, 33, 25, 24, 30,
   21, 28, 24,  8, 42, 38, 17, 21, 18, 42, 31, 28, 35, 18, 38, 14, 18, 25, 11, 20, 37, 30, 37, 29, 41, 13, 25, 11, 16, 17, 26,  9, 42, 35,
   15, 23, 35, 24, 29, 35, 29, 39, 27, 25, 38, 36,  9, 20, 20, 20, 26, 16, 18, 18, 33, 34, 24, 13, 40, 39, 27, 37, 22, 25, 16, 28, 22, 13,
   34, 42, 35, 42, 24, 28, 21, 25, 36, 42, 31, 22, 21, 12,  9, 14, 27, 31, 16, 19, 37, 20, 15, 18, 19, 25, 23, 38,  8, 38, 16, 39, 12, 32,
   32, 21, 31, 28, 13, 15, 30, 41, 14, 32, 13, 40, 34, 10, 20, 22, 30, 31, 35, 14, 33, 30, 20, 10, 28, 39, 39, 30, 28,  8, 16, 19, 27,  8,
   12, 41, 32, 21,  9, 21, 19, 32, 19, 18, 25, 18, 14, 23, 40, 40, 42, 22, 18, 14, 38, 32, 33, 10, 19, 27, 25, 36, 31, 20, 33, 39, 25, 35,
   30, 15, 17, 40, 38, 29, 12, 19, 20, 40, 12, 27, 19, 40],
  [42, 43, 38, 43, 15, 26, 31, 31,  5, 10,  6, 19,  4, 19, 28, 12, 36, 28, 10, 22, 29, 43, 28, 20, 24, 41,  4, 29, 22, 18, 23, 38,  4, 10,
   33, 24,  4, 12, 13, 19, 40, 35, 24, 29,  7, 28, 25, 28, 35, 17, 34, 36, 19, 10, 24, 30, 20, 17, 36, 25,  8, 22, 33, 19, 21, 18, 17, 15,
    3,  7, 22, 22, 20,  3, 27, 20, 25, 43,  6, 26, 30, 27, 23, 43,  8, 30, 34, 10, 32,  9, 19, 18, 27, 21, 40, 34, 15, 43,  7,  4, 16, 38,
    7, 37, 25, 22, 27, 33, 16,  9, 28, 41, 14, 30, 13, 36, 26, 11, 11, 42, 23, 32, 20,  6, 28, 39, 19, 10, 14,  3,  9, 33,  8, 26, 34, 31,
   35,  7, 23, 37, 39, 26, 22, 40, 41, 13, 42,  9, 43, 15, 34, 18, 10, 26, 21, 25, 10, 34, 37,  9, 12, 22,  3, 35, 40, 41, 42, 14, 41, 43,
   14,  6, 10, 32, 24, 39, 36, 17, 39, 21, 13, 11, 21, 27, 16,  7, 14, 23, 40,  9, 25, 20, 30, 41, 29,  7, 19, 31, 33,  6, 42, 28, 28, 12,
    5, 13, 20, 25, 25, 24, 37, 12, 13, 40, 31, 16, 29, 11, 30, 20, 21, 33, 34,  7, 10, 43, 36, 22,  6, 11, 43,  8, 40, 35, 20, 12, 37, 17,
   26,  3,  6, 33, 28, 24, 35, 38, 42, 27, 14, 33, 10, 29, 10, 30, 28,  6,  4, 27, 39, 38,  9, 26, 36,  7, 38, 37, 29, 37, 17,  5, 34, 20,
   25, 15, 21,  5, 20, 43, 12, 35, 32, 11, 39, 35, 41, 12, 30, 11, 15,  7, 26, 28, 32, 20,  3, 34,  7, 43, 29, 30, 42, 39, 18, 22, 23, 40,
   19, 15, 38, 28, 15, 25, 26, 41, 16, 43, 39, 26, 21, 30, 32, 40, 12, 34, 20,  9, 12, 10, 36, 10, 12, 14, 16,  4, 21,  8, 24, 16, 41, 18,
   36, 33, 13, 39, 37, 36, 14, 11, 20, 25, 12, 28, 31, 42, 23, 30,  5, 32,  9, 38, 33, 14,  9, 36, 17, 39, 40, 12, 23, 14, 26,  8, 40,  6,
   43, 17, 24, 27, 10, 29,  6,  3, 29, 37, 38, 13, 23, 23,  8, 34,  4,  8, 13, 36, 35, 24, 16, 43,  4, 11, 17, 31, 21, 29,  8, 17, 14, 27,
    5,  8, 24, 18, 38, 18,  7, 30, 11, 22, 29,  4, 25, 16,  7, 41, 11,  7, 26, 34, 22, 35, 26, 19, 28, 23, 10, 18, 15,  4, 40, 27, 24,  6,
   11, 40, 33,  9, 11, 34,  7, 24,  6, 10, 17,  7,  3, 14, 19,  3,  3,  6, 28, 43, 32, 35, 17, 25, 10, 20, 43, 30, 14, 21, 43, 22, 18, 25,
   30, 34, 43, 15, 40, 41, 35, 43, 24, 35, 40,  7,  7, 16, 33, 10, 21,  5, 22, 10, 39, 38,  8, 11, 32, 16, 41, 23, 13, 40, 34, 17,  3, 23,
   18, 21, 10, 20,  9, 42, 27, 15, 32,  9,  6, 19, 12, 25, 37, 29, 25, 30, 17, 36, 23,  7,  4, 18, 43, 27, 13, 17, 43, 19, 34, 16,  7, 13,
    6, 38, 41, 39, 36, 14, 10, 11,  5, 31, 24,  5, 40,  3, 41,  4, 22, 20,  5, 11, 21, 17, 29, 31, 41, 30, 29, 12, 42, 43, 10, 14, 34, 35,
   26, 39, 32, 19,  9, 36, 33,  4, 43, 18, 32, 39, 31, 40, 22,  4, 32, 24, 17, 13,  5, 14, 16, 30, 21, 41,  9, 41, 22, 35,  8,  6, 26, 28,
    6, 25, 11,  5, 43, 15, 28, 16, 15, 33, 37, 34, 23, 37, 23, 21, 14, 40, 30, 15,  9, 16, 20, 28, 13,  4, 31, 32,  4,  8, 20, 19, 15, 31,
    5, 42, 25, 35,  3, 37, 33, 14, 32, 23,  7, 25, 24, 19, 25, 24, 26,  6, 30, 29, 12, 20, 37, 25, 37, 31, 18, 24,  7, 19, 21, 24, 33,  9,
   28, 30, 26,  6, 36, 15,  6, 43, 37, 26, 10, 14, 16, 11,  4, 28, 30, 22, 38, 23, 39, 26, 40, 20,  7, 29, 27, 41, 35, 36, 19, 19, 21, 42,
    6, 13, 19, 15, 16, 43, 22, 12, 39, 25,  3, 27, 17, 30,  8,  4, 28,  3, 39, 36, 33, 31, 10, 14, 41, 16,  6, 36, 41, 33,  5,  7, 17,  4,
   33, 34, 35, 26, 28,  8, 30, 21, 24, 26, 35, 16, 20,  7,  9,  6,  8,  7, 37,  4, 32, 15, 29, 24, 21, 17, 12, 24, 21, 40, 26, 21, 42, 23,
   41,  9, 21, 24,  3, 26, 23, 20, 11,  3, 35, 31, 23, 39, 12, 29, 11,  9,  7, 30,  7, 20, 37, 38, 25, 24, 43, 35,  8, 26,  8, 14, 24, 20,
    3, 22, 22, 24, 31, 33, 30, 34, 15, 31, 15, 37, 30, 29, 41, 41, 10, 13, 27, 10, 19, 14, 18, 10, 40, 23, 18, 31, 13, 14, 14,  3, 24, 37,
   28, 35, 14,  6, 29, 27, 38, 38, 36,  4, 26, 34, 18, 27, 33, 37, 42, 24, 19,  9,  5, 41, 43,  9, 26, 14,  9, 20, 41, 28,  4, 33,  8, 24,
   26, 10, 22, 17, 13, 40, 28, 14,  4, 20, 15, 27,  5, 41, 39, 41,  9, 18, 17,  4, 30, 22, 34, 11,  3, 17,  6,  7, 23, 11, 31, 18, 39, 31,
   14, 31, 14, 19, 32, 23, 14,  8, 14,  5, 18, 17, 25, 35,  9, 36, 21, 35, 20, 22, 19, 35,  5, 14, 38, 12, 43, 27, 25, 16, 31, 15,  4,  9,
   22,  8, 22, 34, 10, 35, 25, 28, 42, 13, 18, 21, 19, 22, 30, 34, 34, 38,  6, 38, 42, 29, 10, 30,  5, 26, 35,  8, 30, 43, 26, 43, 21, 20,
    6,  6,  4, 27, 21,  5, 20, 11, 38,  6, 12, 36, 21, 38],
  [15, 34, 12, 22, 37, 28, 12, 50, 41, 34, 47, 10, 15, 43, 12, 24,  8, 14, 25, 49, 38, 40, 27, 38, 42,  8, 48, 41, 20, 49, 24, 51, 24, 13,
   25, 52, 35, 25, 44, 41, 33, 12, 35, 33, 29, 17, 33, 15, 35, 52, 42, 39, 50, 41, 23, 49, 44, 30,  9, 19, 23, 40, 19, 51, 49, 31, 28, 42,
   33, 35, 18, 49, 20, 43, 34, 10, 16, 16, 17, 37, 47, 26, 50, 47, 15, 34, 19, 26, 15, 16, 50, 41, 41, 20, 51, 16, 50, 22, 42, 52, 35, 38,
   40, 13,  8, 10, 32, 46, 26, 39, 24, 20, 12, 35, 44, 24, 33, 42, 46, 16, 38, 28, 26, 17, 18, 51, 46, 41, 15, 11, 11, 12, 37, 18, 46, 29,
    9, 42, 40, 18, 12, 24, 11, 27, 24, 41, 29, 26, 18, 25, 31, 21, 35, 10, 17,  8, 29, 34, 43, 51, 30, 15, 18, 17, 12, 39, 25, 34, 51, 46,
   26, 35, 37, 49,  8, 23, 24, 29, 12, 37, 17, 33, 17, 52, 16, 45, 47, 37, 47, 41, 10, 52, 37, 37, 34, 39, 39, 35, 22, 19, 38, 52, 39, 33,
   40, 36, 40, 42, 50, 25, 18, 15, 11, 20, 47,  8, 44, 43, 49, 51, 49, 42, 30, 18, 14,  8, 17, 20, 23, 23, 52, 16, 33, 12, 17, 44, 20, 38,
   41, 40, 38, 50, 44, 46, 22,  8, 38, 33, 14, 36, 16, 16,  8, 12, 29, 48, 38, 42, 30, 14, 50, 34, 47, 43, 28, 41, 36, 33, 23, 31, 14, 17,
   34, 21, 43, 50, 50, 34, 36, 27, 19, 23, 50, 15, 46, 17, 21, 21, 15, 51, 36, 22, 17, 20, 14, 49, 21, 16, 26, 52, 51, 50, 37, 13, 36,  8,
   23, 41, 21, 12, 25, 44, 44, 50, 22, 43, 14, 36, 16, 21, 37, 21,  8, 39, 31, 32, 42, 10, 32, 25, 45, 31, 18, 33, 49, 10, 40, 20, 47,  9,
   30, 49, 41, 28, 27, 51, 39, 30, 31, 26, 30, 37, 10, 46, 19, 45, 31, 11, 42, 19, 30, 23, 24, 50, 19, 22, 14, 38, 39, 10, 48, 31, 35, 17,
   49, 33, 48, 47, 32, 27, 16, 19, 38, 13, 23, 35, 32, 16, 52, 39, 52, 31, 35, 19, 43, 17, 15, 44, 13, 12, 21, 52, 26, 34, 27, 13, 13, 25,
   49, 32, 13, 12, 52, 18, 32, 30, 29, 26, 46, 20, 38, 37, 38, 36, 44, 22, 52, 18, 52, 20, 15,  8, 48, 13, 12, 19, 26, 30, 50, 46, 49, 19,
   47, 44, 23, 36, 45, 51, 22, 35, 31, 30, 39, 43, 30, 27, 39, 14, 44, 38, 12, 22,  8, 22, 26, 11, 16,  9, 45, 51, 29, 26, 44, 28, 25, 25,
   20, 28, 24, 28, 31, 31, 18, 52, 23, 28, 46,  9, 29, 42, 24, 29,  9, 16, 51, 48, 31, 28, 19, 30, 12, 27, 25, 49, 10, 17, 14, 32, 29, 37,
   12, 10,  9, 19, 41, 18, 48, 36, 15, 11, 21, 18, 21, 38, 51, 50, 23, 36, 41, 41, 19, 42, 48, 19, 44, 19, 18, 46, 40, 35, 20, 38, 45, 23,
   40, 26, 48, 34, 43, 23, 19, 21, 14, 22, 40, 29, 50, 17, 32, 48, 44, 12, 41, 24, 10, 28, 28, 21, 38, 41, 35, 11, 33, 30, 34, 36, 16, 22,
   36, 29, 27, 11, 49, 25, 32, 15, 14, 17, 28, 32, 19, 32,  9, 14, 30, 37,  9, 50, 42,  8, 35, 41, 24, 23, 45, 43, 44, 14, 27, 22, 16, 44,
   27, 14, 20, 37, 27, 19, 21, 49, 41, 47, 48, 35,  8, 41, 12, 28, 29, 42, 11, 41, 30, 52, 30, 43, 46, 51, 44, 48, 18, 35, 45, 42, 33, 17,
   28, 48, 24, 49, 36, 36, 42, 24, 36, 48, 14, 26, 39, 19, 17, 40, 52, 33, 38, 42, 37, 39, 23, 32, 46, 43, 46, 24, 52, 35, 43, 10, 43, 33,
   29, 36, 28, 51, 26, 10, 48, 46, 46, 46, 45, 35, 41, 21, 45, 36, 12,  8, 31, 12, 51, 34, 23, 11, 36, 10, 35, 24, 51, 45, 37,  9, 49, 20,
   22, 39, 46, 38, 36, 22, 14, 42, 14, 30, 27, 48, 23, 13, 49, 18, 28, 15, 17, 11, 34, 35, 45, 41, 47, 50, 33, 18, 22, 48, 14, 24, 10, 43,
   43, 47, 38,  9, 20, 34, 29, 18, 21, 24, 48, 10, 49, 30, 50, 52, 15, 41, 49, 23, 25, 50, 30, 13, 23, 41, 38, 38, 29, 36, 22, 34, 32, 24,
    8, 31, 35, 29, 12, 45, 24, 21, 20, 52, 37, 31, 21, 26, 47,  8, 27, 30, 14, 12, 10,  8, 40, 35, 42, 13, 39, 32, 48, 39, 14, 13, 47, 20,
   41, 46, 19,  8, 45, 50, 52, 10, 43, 22,  8, 20, 51, 32,  9, 12, 50, 22, 11, 18, 48, 17, 36, 13, 40, 35, 36, 41, 31, 52, 17, 15, 34, 28,
   31, 16, 10, 10, 31, 21, 34, 14, 19, 28, 10, 33, 15, 39, 44, 51, 43, 48, 33, 43, 47, 31, 44, 25, 40, 10, 41, 22, 48, 41, 40, 28, 35, 25,
   29, 23, 43, 34, 31, 43, 32, 22, 21,  8, 47, 49, 36, 25, 11, 33, 19, 32, 41, 51,  9, 52, 20, 45,  8, 51, 51, 12, 21, 19, 52, 24, 33, 43,
   30, 46, 13, 45, 50, 24, 22, 52, 33, 29, 36, 48, 29, 26, 32, 11, 15, 48,  8, 15, 11, 48, 28, 46, 24, 24, 13, 15, 18, 41, 23, 14, 26, 10,
   13, 14, 48, 30, 37, 27, 35, 43, 35, 37, 17, 21, 36, 22, 12, 12, 49, 39, 41, 24, 35, 46, 20, 47, 33,  9, 47, 15, 36, 16, 18, 43, 25,  9,
   32, 34, 42, 28, 19, 13, 29, 32, 16, 11, 46, 23, 36, 50],
  [12, 40, 14, 30, 24, 38, 38, 58, 50, 25, 16, 28, 23, 55, 40, 53, 29, 25, 22, 40, 43, 45, 42, 28, 48, 29, 23, 60, 38, 50, 51, 17, 49,  8,
    9, 36, 36, 42, 16, 44, 23, 55, 42, 10, 13, 27, 21, 59, 14, 24, 24, 22, 58, 14, 33, 36, 25, 41, 55, 60, 50, 36, 29, 52, 23, 22, 43, 26,
   59, 60, 59, 39, 45, 49, 44, 17, 42, 37, 35, 11, 44, 26, 44, 13, 21, 46, 47, 39, 35, 44, 34, 42, 34, 44, 41, 21, 16, 48, 14, 50, 50, 35,
   35, 13, 46, 13, 53, 45, 17, 33, 35, 35, 18, 30, 48, 22, 16, 41, 39, 37, 28,  8, 40, 10, 48, 49,  9,  8, 49, 45, 39, 20, 46, 36, 35, 48,
   50, 33, 52, 55, 57, 24, 53, 10, 57, 60, 12, 49, 26, 18, 13,  8, 15, 36, 18, 10, 13, 19, 55, 12, 38, 13, 58, 23, 18, 36, 49, 12, 26, 11,
   28, 14, 19, 21, 12, 25, 15, 41, 26, 60, 47, 56, 60, 59, 58, 15, 54,  8, 36, 15, 58, 48, 31, 28, 25, 39, 24, 11, 22, 21, 56, 59, 42, 40,
   44, 60, 29, 20, 44, 36, 57, 46, 29,  9, 48, 55, 51, 33, 43, 21, 24, 18, 26, 60, 27, 10, 54, 16, 41, 58, 41, 32, 14, 51, 56, 45, 10, 11,
   18, 23, 38, 57, 56, 32, 58, 49, 53, 12, 35,  8, 20,  8, 48, 57, 42, 40, 18, 32, 39, 24, 10, 15, 14, 46, 47, 47, 43, 15, 12, 18, 29, 38,
   28, 54, 27, 52, 24, 42, 31,  8, 23, 58, 53, 44, 41, 36, 39, 13, 50, 39, 56, 27, 53, 52, 12, 42, 25, 18, 24, 27, 46, 14, 42, 49,  9, 47,
   22, 48, 19, 30, 14, 54, 43, 11, 35, 20, 49, 26, 37, 58, 40, 12, 59, 18, 17, 40, 23, 39, 27, 10, 33, 18, 46, 37, 46, 21, 37, 30, 22, 59,
   53, 18, 46, 58, 17, 37, 54, 51, 55, 36, 53, 41, 47,  8, 52, 42, 27, 43, 29, 41, 31, 46, 45, 52, 20, 33, 56, 11, 36, 56, 59, 11, 30, 60,
    9, 28, 51, 29, 12, 19, 36, 17, 50, 19, 18, 48, 57, 20, 36, 15, 57, 30, 24, 60, 60, 28, 39, 53, 38, 34, 22, 34, 17, 11, 32, 31, 45, 53,
   45, 48, 18, 55, 20, 38,  8, 29, 30, 27, 20, 33, 47, 47, 33, 22, 14, 44, 20, 56, 12, 17, 49, 32, 42, 59, 34, 32, 60, 25, 50, 24, 53,  8,
   45, 48, 23, 48, 48,  9, 45, 32, 60, 32, 33, 20, 60, 58, 31, 29, 16, 52, 16, 28, 40, 24, 37, 31, 58, 25, 54, 48, 27, 15, 46, 43, 43, 16,
    9, 15, 22, 24, 51, 28, 34, 39, 17, 25, 40, 32, 45, 49, 58, 54, 45, 34, 57, 45, 23, 35, 15, 29, 55, 48, 19, 31, 43, 10, 43, 15, 19, 48,
   42, 38, 20, 16, 19, 46, 39, 25,  9, 15, 38, 15, 12, 16, 16, 37, 54, 48, 60, 25, 40, 21, 60, 17, 37, 43, 25, 24, 25, 32, 24, 46, 12,  8,
   43, 13, 45, 42, 34, 45, 42, 58, 36, 55, 55, 52, 20, 55,  8, 36, 51, 24, 50, 57, 34, 60, 50, 36, 42, 40, 28, 57, 57, 42, 31, 45, 46, 48,
   51, 42, 43, 20, 59, 40, 12, 49, 57, 18, 17, 59, 35, 33, 16, 22, 29, 59, 34, 57, 23, 34, 28, 12, 24,  8, 16, 38, 27, 47, 14, 56, 21, 28,
   46, 52, 22, 26, 31, 11, 52, 39, 36, 55, 58, 39, 17,  9, 38, 19, 23, 58, 54, 27, 37, 58, 15, 25, 48, 18, 26, 17, 54, 23, 22, 38, 53, 49,
   60, 38, 40, 58, 18, 20, 57, 54, 37, 47, 14, 12, 20, 37, 56, 16, 14, 16, 59, 59, 19, 27, 57, 16, 44, 43, 36, 30, 35, 40, 27, 48, 11, 36,
   41, 26, 30, 14, 51, 58, 44, 15, 19, 36, 26, 36, 42, 15, 21, 38, 11, 48, 43, 16, 24, 13, 28, 52, 53, 49, 43, 15, 56, 27, 42, 38, 37, 17,
   17, 55, 47, 51, 16, 52, 21, 15,  9, 40, 14, 33, 31, 58, 36, 19, 43, 15, 13, 48, 35, 29, 59, 16, 21, 25, 60, 58, 50, 45, 47, 24, 27, 41,
   48, 17, 33, 57, 25, 49, 28, 32,  9, 21, 52,  9, 19, 57, 42, 36, 40, 18, 10, 16, 60, 17, 40, 57, 41, 59, 26, 52, 51, 46, 16, 18, 58, 28,
   25, 39, 37, 25, 32, 25, 13, 25, 33, 33, 36, 34, 27, 18, 15, 44, 18, 31, 15, 32, 47, 19, 57, 30, 45, 16, 42, 55, 41, 17, 34, 20, 57, 17,
   17, 15, 48, 34, 27,  8, 50, 22, 26, 27, 58, 37, 26, 23, 48, 59, 38, 11, 57, 46, 21, 58, 13, 43, 22, 17, 19, 17, 18, 53, 57, 35, 35, 10,
   37, 12, 30, 42, 20, 56, 23, 60, 60, 46, 14, 15, 26, 44, 21, 54, 37, 48, 57, 25, 60, 58, 32, 15, 43, 11, 49, 18, 10, 36, 38, 54, 27, 24,
   52, 25, 17, 37, 14, 24, 28, 51, 54, 34, 57, 47, 46, 34, 50, 59, 50, 19, 43, 38, 38, 45, 57, 29, 15, 52, 32, 13, 21, 49, 34, 58, 58, 26,
   26, 57, 18, 52, 58, 22, 39, 37, 23, 18, 40, 31, 39, 40, 48, 37, 10, 14, 36, 24, 18, 38, 12, 36, 10, 46, 39, 26, 10, 36, 43, 19, 31, 23,
   12, 32, 45, 35, 60, 34, 40, 47, 11, 17, 57, 17, 52, 40, 50, 31, 47, 52, 27, 48, 36, 31, 40,  8, 42, 25, 50, 44, 18, 28, 60, 60, 38, 12,
   31, 20, 10, 40, 12, 15, 45, 45, 51, 25, 15, 48, 14, 33],
  [41, 11, 11, 15, 40, 12, 12, 33, 15, 12,  6, 31, 24, 26, 34, 36, 44, 32, 42, 12, 12, 20, 15, 24, 24,  8, 33, 45, 29, 37, 41, 30,  6, 14,
   40, 12, 46, 22, 22, 16, 11, 17, 10, 34, 33, 41, 44, 39, 40, 25, 12, 42, 13, 42, 40, 45, 20, 28, 35,  9,  6, 26, 44, 19, 17, 13, 39, 22,
   18, 46,  7, 40, 24, 13, 39, 18, 33, 28, 27, 16, 36, 17, 11, 21, 23, 44, 33,  6, 12, 41, 31, 22, 26, 33, 18, 43, 30, 32, 13, 21, 36, 21,
   23, 23, 33, 35, 32, 37, 41, 43, 20,  7, 28, 26, 17, 13, 31, 42, 46, 43, 36, 14, 35, 30, 39, 32, 22, 12, 45, 45, 17, 34, 17, 25, 40, 31,
   40, 42, 37, 11, 37, 30, 39, 11, 28, 33, 17, 13, 31, 43, 12, 21, 42, 35, 22, 41, 20,  7, 33, 31, 43, 25, 38, 24,  8, 13, 39, 45, 33, 32,
   14, 28,  7, 14, 29, 10, 26, 11, 21, 43, 15, 18, 22, 16, 31, 43, 44, 34, 33, 25,  7, 22, 13, 13, 19, 42, 18, 24, 19, 30, 46, 25, 12, 34,
   29, 19, 27, 28, 40, 25, 43, 13, 20, 16, 38, 34, 28, 15, 27, 10,  7,  7, 21, 42, 41, 16, 38, 39, 10, 10, 33, 25, 11, 11,  6, 22, 35, 10,
   14, 14, 44, 14, 11, 22, 30,  7, 27,  6, 14,  9, 32, 35, 45, 36, 31, 42, 32, 44, 41, 32, 40, 38, 28, 40, 15, 26, 18, 16, 26, 35, 34,  6,
   42, 39, 34, 40, 43, 37, 23, 38, 36, 21, 32, 11,  6, 21, 30, 19, 29, 13,  9,  8, 13, 44,  6, 43,  8, 22, 31, 21, 33, 25, 32, 46, 27, 27,
   38, 44,  8, 11, 10, 46, 27, 17, 40, 16, 46, 20, 15,  8, 26, 11, 37, 41, 24, 27, 22, 19, 28, 14, 20, 18, 37, 27, 38, 35, 12, 19, 26, 26,
   42, 30, 46, 37, 36, 33, 27,  8,  9, 21, 14, 34, 44, 37, 33, 14, 21, 30,  7,  7, 35, 37, 45, 20, 33, 17, 43, 30, 21, 36, 43, 39, 40, 44,
   12, 14, 18, 36, 32, 37, 29, 30, 44, 32, 39, 33, 39, 38, 35, 30, 23, 46, 18, 45, 37,  9, 42, 37, 38, 22, 35, 21, 39, 40, 19, 42, 32,  9,
   13, 36,  8,  7, 29, 41,  7, 16, 42, 28, 37, 27, 46, 35, 13, 41, 14,  8, 12,  8, 42, 18, 23, 46, 44, 35, 43, 22, 29, 21, 21, 10, 14, 34,
   31, 15, 35, 12, 45, 36, 13, 40, 25, 39, 29, 31, 35, 25, 29,  9, 42, 17, 44, 14, 30, 24, 27, 39, 17, 33, 20, 32, 41, 25, 25, 35, 34,  8,
   23,  6, 18,  6, 15,  9, 18, 34, 28, 20, 33, 41, 27, 32, 24,  6, 41, 34, 36, 33, 45, 10, 23, 27, 34, 10, 11,  9, 18, 22, 25, 39,  9,  7,
   27, 12, 23, 37, 16, 44, 12, 28, 12, 27, 30, 15,  6, 20, 11, 33, 18, 10, 32, 33, 17, 19, 35, 31, 27, 37,  7, 42, 27, 33, 23, 15, 23, 41,
   36, 25, 27, 29, 12, 18, 23, 30,  9, 22, 41, 43, 23, 36, 17, 28, 15, 27, 39, 27, 27, 18, 35, 39, 18, 37, 33, 22, 41, 43, 43, 42, 15, 27,
   25, 23, 41, 15, 33,  8, 46, 12, 12, 38,  9, 35, 34, 14, 26, 35, 45,  9, 11, 31, 40, 16, 12, 28, 26, 21, 14, 37, 27, 36, 35, 17, 32, 27,
   17, 26, 13,  7, 24, 14, 11, 15,  8, 33, 21, 16, 43, 19,  6, 39, 26, 16, 29, 20, 42, 21, 25, 22, 30,  9, 26, 46, 32, 38, 42, 37, 28, 45,
   33, 31, 27,  8, 41, 40,  7, 41, 16, 36, 33, 31, 11, 30, 42, 20, 22, 29, 27, 27, 43, 31, 41, 28, 43,  9, 33, 39, 18, 40, 39, 27, 16, 30,
   34, 16, 10, 41, 10, 10, 31, 35, 20, 38, 19, 17, 18, 33, 26, 12, 18, 38, 39, 35, 32, 19, 13, 36, 37, 32, 25, 11, 34, 43, 23, 29, 37, 30,
   28, 28, 22, 33, 46, 21, 21, 32, 24, 44, 40, 23, 32, 46,  7, 19, 15, 44, 20, 30, 18, 19, 16,  6,  8, 17, 26, 33, 21,  7, 32, 24, 46, 24,
   15, 38,  6, 39, 35, 18,  7,  6, 30, 30, 15, 18, 27, 25, 46, 22, 11, 18,  8, 21, 12, 23, 13, 28,  6, 20, 25, 20, 18, 20, 14, 46, 27, 46,
   26, 41, 14, 39, 42, 30, 14, 11, 44, 44, 36, 12, 35, 31, 21, 10, 19, 16, 40, 21, 42, 27,  7, 30, 16, 14, 24, 41, 38, 37, 12, 42, 19, 34,
   16, 43, 26,  8, 30, 13, 34, 11, 10, 14, 36, 39, 29, 43, 44, 40, 27, 34, 34, 18, 45, 26, 18, 34, 24, 45, 18,  6, 38, 14, 46,  9,  7, 23,
   44, 38, 20, 25, 23, 10, 23, 32,  7, 39, 23, 13, 25, 31, 12, 42, 24, 35, 33, 20,  8, 32, 40, 20, 46, 23, 25, 41, 20, 20, 26, 15, 17, 45,
   37,  7, 43, 19, 27, 30, 46, 46, 38, 34, 22, 41, 22, 18, 23, 27, 37, 13, 23, 21,  8, 42,  6, 29, 43, 30, 30, 12, 10, 45, 19, 42, 11, 25,
   12, 23, 17, 43, 13, 11, 24, 13, 42, 28,  6, 13, 25, 38, 18, 33, 43, 24, 12, 19, 11,  7, 27, 42, 25, 27, 43, 33,  9, 35, 43, 29, 41, 37,
   26, 23, 10, 29,  9, 21, 18, 38, 33, 23, 36, 18, 38, 26, 28, 12,  7, 24, 26, 41, 28, 39, 28, 10, 37, 19, 43, 21, 42, 32, 35, 24, 12, 23,
   15, 35, 21, 31, 10, 10, 23, 35, 10, 34, 24, 35, 10, 28],
  [34, 12,  5, 39, 34, 30, 12, 49, 21, 44, 42, 12, 54, 24, 52, 57, 36,  8, 18, 37, 14, 58, 12, 36, 50, 41, 27, 53, 43, 49, 53, 44, 21, 39,
   47, 20, 10, 13, 60, 37, 32, 44, 49, 50, 25, 11, 27, 58, 12, 25, 35, 49, 15, 47, 60, 16, 37, 13, 19, 43, 34, 54, 55, 13, 53, 32, 18, 22,
   22, 35, 50, 49, 47, 49, 29,  6, 41, 53, 55, 50, 10, 43, 51, 26, 39, 24, 46, 42, 48, 49, 16, 50, 30, 17, 10, 28, 52, 45, 15,  6, 25, 28,
   33, 30, 36, 49, 29, 56, 51, 48, 48, 57, 38, 44, 13,  6, 29, 25, 32, 59, 45, 30, 25, 36, 16, 46, 26, 15, 19, 53, 45,  6, 45,  5, 14, 35,
   50, 56,  8, 59, 14, 45, 41, 24, 33, 57, 25, 48, 57, 33, 21,  8, 19, 58, 60, 17, 18, 53, 55, 49, 37, 42, 21, 19, 47, 58, 47,  6, 20, 27,
   56, 23, 48, 54, 53, 42, 55, 32,  7, 10, 18, 55, 33, 57, 48, 30, 44,  5, 25, 17, 12, 22, 23, 31, 31, 53, 23, 14, 35, 21, 13,  8, 56, 24,
   48, 48, 54, 49, 23, 26, 10, 18, 39, 23, 40, 57, 43, 32, 57, 45,  8, 28,  7, 10, 22, 15, 42, 10, 49, 56,  5, 38, 14, 22, 14,  6, 29, 16,
   13, 49, 60, 44, 25, 59, 28, 24, 43, 30,  6, 47,  6, 25, 34, 49, 25, 47, 44,  9, 38, 58, 43, 51, 37,  6, 41, 20, 42, 24, 54, 32, 29, 25,
   21, 21, 42, 42, 21, 52, 18, 57,  9, 15, 40, 21, 47,  5, 46, 46, 33, 45, 49, 34,  7, 19, 57, 55, 58, 13, 35, 57, 45, 24, 35, 19, 29, 25,
    5, 60, 58, 20,  7, 20, 49, 37, 44, 12, 25, 12, 59, 49, 47, 10, 14, 44, 42, 51, 18, 37, 59, 35, 54, 50, 56, 58, 27, 37, 45, 12, 45, 46,
   10, 28, 29, 48, 27, 15, 40, 13, 50, 42, 10, 59, 27, 46, 23, 51, 44, 40, 36,  7, 33, 23, 52, 46, 43, 22, 33, 16, 31,  5, 20, 35, 19, 46,
   52, 14, 29, 31, 24, 46, 46, 36, 52,  7, 54, 43, 48, 24, 16, 50,  8, 43, 38, 30, 38, 47, 24, 41,  8, 45, 23, 11, 60, 54, 30, 18, 47, 32,
   19, 17, 36, 34, 45, 11, 29, 35, 25, 43, 47, 40, 44, 55, 13, 57, 29,  5, 23, 35, 14,  7, 12, 23, 34, 21, 14, 15, 48, 49, 47, 14, 16, 35,
   59, 38, 54, 52, 45, 29, 25, 15, 44, 41,  9, 52, 14,  9, 57, 25, 58,  8, 32, 43, 43, 25, 32, 12, 45, 36, 46, 44, 13,  5, 57, 20,  6, 25,
   17, 11, 60, 60, 34, 23, 48, 48,  6, 26, 44, 26, 18, 43,  7, 46, 54, 15, 40, 57, 10, 58, 53, 34, 16, 24,  9, 33, 27, 46, 19, 57, 55, 33,
   33, 26, 14, 32, 57, 45, 17, 48, 16, 38, 17, 16, 54, 40, 31, 35, 54,  7, 24, 43, 48, 30, 39, 51, 14, 51, 40, 44,  8, 13,  8, 54, 26, 40,
    7, 24, 51, 55, 53, 18, 21, 10,  6, 34, 24,  9, 54, 33, 16, 51, 56, 50, 60, 47, 39, 50, 16, 30,  8, 38, 19, 45, 32,  5, 56, 55, 50,  8,
   15, 44, 27, 49, 48, 39, 32, 38, 42, 55, 12, 17, 33, 27, 10, 26, 18, 43, 11, 27,  5,  6, 39,  7, 43, 30, 51,  5, 45, 18, 55, 52, 30, 33,
   46, 53, 32,  5, 32, 47, 34, 54, 39, 40, 58, 19, 49, 60, 40, 55, 53, 13, 38, 54, 56, 15, 34, 41, 50, 31, 10, 53, 25, 38, 54, 35, 14, 14,
   44, 28, 33, 49, 12, 59, 42, 50, 25, 54, 43, 57, 10, 40, 30, 57, 40,  9, 13, 21, 43, 13,  5, 36, 59, 36, 18, 31, 29, 35, 46, 26, 56, 11,
   13, 30, 45, 58, 28, 28, 24, 54, 59, 33, 28, 59, 29, 14, 11, 58,  8,  5, 16, 19, 17, 34, 18, 52, 40, 54, 44, 45, 27, 20, 33, 12, 30, 27,
   59, 16, 51, 47, 36, 57, 44, 55, 16, 20, 40, 26, 56, 10, 43, 57, 42, 33, 53, 22, 18, 23, 20, 21, 41, 53,  5, 27, 49, 21, 50, 28, 38, 53,
   24, 54, 21, 55, 36,  8, 31, 35, 46, 45, 26, 57,  5, 26, 45, 43, 29,  5,  7, 50, 12, 20, 17, 14, 52, 18, 19, 18,  9, 13, 29, 42, 28, 54,
   35, 36,  8, 11, 17,  7, 37, 54, 52,  9, 47, 56, 35, 56, 15, 41, 58, 57, 34, 45, 27, 40, 55, 10, 40, 36, 18, 27, 35, 58, 19, 39, 32,  5,
   15, 30, 35, 25, 45,  5, 60, 46,  9, 41, 19, 16, 23, 21, 29, 34, 10,  9, 12, 20, 52, 10, 53, 22, 17, 10, 48, 25, 17, 51, 25, 60, 53, 24,
   22, 57, 52, 16, 27, 59, 51, 42, 33, 10, 38, 29, 47, 57, 22, 41, 58,  6, 53, 54, 59, 38, 26, 29, 14, 43, 29, 41, 31, 45, 24, 31, 35, 50,
   60, 22, 34, 54, 29, 20, 20, 58, 49, 50, 47, 54, 37, 54, 39, 55, 35, 17, 53, 44, 53, 49, 18, 35,  8, 24, 26, 46,  7, 36, 40, 17, 48, 57,
   44, 16, 26, 37,  8, 43, 37, 12, 50, 27, 35, 45, 50, 16, 24, 26,  5, 47, 38, 17, 28,  6, 43, 51, 44, 18,  7, 21, 55, 16, 56,  8, 17, 41,
   12, 52, 22,  6, 36, 18, 40, 23, 33,  9, 12, 40, 36, 60, 56, 51, 27, 59, 44, 54, 19, 59, 47, 22, 17, 29,  7,  5,  6, 35, 33, 21, 50, 48,
   57, 21, 39,  6, 34, 35, 32, 58, 58, 16, 12, 32, 46, 19],
  [35, 30, 33,  6,  3, 18, 16,  8, 36, 42, 39,  6, 32, 36, 16, 17, 12, 26,  5, 30, 37,  6, 37, 15, 40,  6, 38, 35, 17,  5, 18, 33, 37, 25,
   13, 26, 11, 37, 40, 36, 16, 15,  4,  9, 11, 25, 29, 24, 41, 10, 23, 42, 25, 18, 22, 26, 42,  9, 20, 31, 10, 37, 22, 38, 13, 35, 23, 21,
   34, 12,  3, 22, 33,  4, 23,  7, 30, 13, 11, 43, 10, 40,  4, 37, 42, 28, 23,  3, 32, 23, 33, 11, 12, 35,  8, 16, 33,  7,  5, 28, 43,  5,
   18, 21, 41, 31, 28, 26, 37, 21, 21, 43, 22, 39, 36, 28, 31, 22, 24, 35, 43, 33,  7, 23, 26, 37, 39, 17, 28, 14, 35, 31, 33, 37, 28, 29,
   24,  5, 21, 12, 39, 11, 25, 13, 31, 21, 21, 13, 19, 20, 18, 19, 11, 39, 26, 36,  3, 34, 38,  8, 42, 21, 43, 33, 41, 27, 36, 23, 28,  5,
   16, 39, 23, 16, 38,  5,  6, 25, 12,  5,  6, 21,  3,  8, 40, 21, 15, 35, 16, 35,  8, 28, 35, 23, 33,  7, 12,  5, 17,  8, 29, 12, 29, 19,
   11, 34, 23, 15, 32, 23,  3, 12,  7,  3, 43, 39, 27,  6, 38, 36, 11, 24, 19, 32, 41, 35, 23, 23, 20, 15, 14, 25, 27, 26, 14, 40, 35,  7,
   39, 39, 34, 35,  9, 22, 43, 39, 20,  9,  7, 28,  6, 36, 12, 19, 21, 38,  4, 19, 13, 25, 25,  7, 43, 11, 30, 35, 21, 28, 33,  8, 18, 12,
   28,  7, 34, 41, 26, 35,  7, 41, 13, 18,  9, 14, 19, 21, 32, 20, 16, 21, 16,  3, 27, 10, 27,  9, 31, 14, 30, 16,  5,  7, 24, 29, 14, 30,
   43, 20, 15, 10, 31, 15, 39, 12, 20, 12,  3, 13, 32, 21, 41,  6, 24,  6, 19, 18,  4, 38, 35, 19, 37, 16, 41, 25, 32, 21, 18, 38, 32,  6,
    5, 12, 39,  4, 34, 40, 31, 10, 31, 25, 37, 22, 35, 20, 16,  4,  9, 19, 33, 29, 35,  9, 23,  8, 43, 15, 17, 32, 16, 30, 10,  9,  7, 23,
    7, 29, 28,  7, 26,  6, 32, 40, 25, 11,  8, 33,  6, 28,  7, 19,  3, 30, 41, 40, 16, 34, 34, 20, 40, 31, 17, 30, 31,  7, 37, 18,  3, 16,
   33, 11, 12,  6, 17, 21, 12, 35, 34, 37,  9, 35, 21,  6, 28,  3, 14,  5, 18, 29, 11, 20, 26, 31, 34,  9,  3, 16, 28, 14,  6,  3, 18, 31,
   43, 13, 38, 24, 24,  3,  4,  5, 16,  9, 37, 19, 15, 24, 25, 24, 25,  8, 24, 38,  9, 41, 38, 12, 26, 11, 42,  5, 36, 24, 10,  5, 43, 30,
   34, 20, 10, 43, 31, 43,  4, 42, 28, 28, 29, 37,  8,  3, 11,  9, 25, 30,  7, 43, 42, 27, 33, 40,  3, 40, 21, 22,  4, 34, 13, 12,  7,  5,
   12, 27, 13, 15, 33,  8, 27, 35, 18, 38, 41, 18, 26, 15, 37, 32, 14, 34, 13, 40,  5, 12, 35, 13, 24, 38, 17, 21, 29, 27, 42, 19, 28, 13,
   24,  5, 21, 22, 41, 42, 18, 37, 37, 31, 25, 11, 37, 26, 42, 24, 38, 40, 25, 22, 43, 43, 28, 14,  8, 39, 22,  6, 36,  3, 41, 16, 38, 43,
   40, 13, 24, 42, 36, 23, 12, 15, 28, 43, 36, 42,  4, 38, 29,  3, 22, 31, 22, 10, 39, 26, 35, 10, 18, 26, 28, 10, 25, 21, 33, 40, 14, 40,
   18, 17, 29, 41, 25, 27, 15,  8, 30, 12, 33,  5,  5, 23, 30,  3, 34, 14,  9, 20, 25, 20, 13,  9,  4, 14, 25,  7, 23, 10, 13,  8, 42, 40,
    4, 27, 41,  9, 43, 36, 21, 32,  5, 36, 15, 19, 23, 39, 36, 23, 12, 37, 30, 38, 19, 13, 39,  4, 24, 22, 14,  9, 18, 16, 21, 30, 29, 28,
   29, 30, 28, 36, 23, 17, 31, 25, 19, 25, 21, 27, 26, 19, 29, 29, 36,  7, 43, 14, 11, 39, 20, 34, 29, 33, 38, 20,  4, 37, 41, 20, 19, 22,
    6, 21,  5, 12, 40, 21,  4, 23, 10,  5, 15, 20, 17, 13, 26, 24, 22, 33, 12, 43, 23, 22, 12, 37,  4,  3, 22, 11, 13,  8, 25, 13,  3, 31,
   43, 14, 37, 40, 36, 38, 26, 40, 41, 22, 41, 17, 19, 25,  9, 25, 11, 36,  3, 18, 31, 38, 40, 30, 34,  7, 18, 10,  8, 32,  7,  7, 39, 18,
   22, 33, 32, 39, 23,  7, 43,  3, 10, 18, 15, 43, 18, 43, 39, 39, 29, 21, 12, 33, 35, 35, 20, 33, 19, 16,  6,  6, 29, 22, 15, 19,  3, 28,
   12,  4, 36, 33, 15, 30, 38, 19, 33,  3, 15, 30, 25, 26, 31, 42, 27, 38, 14, 41, 22,  7, 25,  5, 15, 19, 34,  9, 32, 28,  6, 38, 20, 33,
    9, 11,  9, 35, 43, 32, 38, 42, 18, 23, 18, 22, 15, 15, 41, 35, 13,  7,  7, 32, 25, 22, 28,  7,  4, 34, 27,  5, 16, 37, 24,  8,  3, 14,
   18, 32,  3, 10, 43, 30,  9, 15, 42, 16, 22, 32, 19, 20, 41, 34, 24, 10,  7, 18, 16, 19, 24, 43,  8, 17, 42, 19,  9, 31, 23,  7,  8, 34,
   33, 27, 30, 32, 31, 10, 24,  3, 28, 16, 11, 28, 14, 36,  4, 31, 35, 17, 14, 27, 43, 12, 30, 34, 32, 21, 30, 19, 18, 42, 38, 30, 37, 37,
   15, 26, 20, 19, 18,  5, 27, 19,  7, 13,  6, 41, 10, 27, 32, 35, 30, 13, 42,  9, 20,  7,  4, 21, 32, 43, 18, 38, 40, 21, 37, 25, 32, 13,
    9, 16, 13, 43, 22,  4, 22,  4, 10, 17, 33,  4, 29,  9],
  [25, 31, 13,  9, 43, 37,  9, 15, 13, 38, 18, 26, 44, 31, 39, 34, 15, 18, 28, 32, 19, 30, 18, 29, 21, 29, 45, 30, 20, 19,  8, 12, 11, 47,
   27, 45, 36, 29, 35, 21, 18, 35,  9, 38, 16, 23, 22, 45, 36,  9,  8, 10, 34, 26, 35, 49, 32, 48, 22, 22, 30, 27, 19, 45, 23,  8, 43, 26,
   48, 21, 35, 26, 15, 47, 26, 45, 40, 38, 32, 24, 43, 47, 47, 48, 38, 31, 26, 46, 12, 16, 34, 24, 30, 20, 17, 32, 30, 40, 31, 16, 37, 43,
   48, 22, 31, 32, 12, 24, 17, 15, 27, 33, 34, 13, 15, 19, 34, 33, 12, 19, 46, 17, 28, 25, 49, 30, 45, 11, 41, 12, 47, 48, 41, 35,  7, 17,
   34,  9, 40, 22,  9, 42, 35, 17, 19, 16, 14, 48, 38, 28, 39, 45, 31, 19, 13, 46, 24, 23, 24, 13, 23, 29,  9, 41, 25, 21, 11, 33, 16, 30,
   48, 45, 48, 49, 21, 14, 11, 25, 44, 47, 24, 10, 35, 34, 47, 43,  7,  7, 38, 25, 35, 26, 49, 36, 19, 42, 46, 37, 25, 20, 47, 44, 32, 26,
   14, 34, 39, 48, 26,  8, 14, 18, 30, 47, 28, 30,  9, 15,  8, 37, 45, 30, 40, 19, 41, 27,  7, 45, 25, 40, 17, 46, 15, 23, 38, 32, 17, 36,
   37, 42, 15, 13, 25, 49, 22, 12, 10, 35, 34, 43,  8,  9, 16, 41, 36, 36, 19, 48, 29, 18, 33, 15, 18, 35, 13, 16, 28, 34, 14, 22, 25,  7,
   25, 42, 49, 17, 40, 49, 30, 44,  9, 13, 26, 36, 14, 48, 20, 25, 25, 43, 34, 19, 44, 30, 41, 42, 49, 39, 17, 32, 33, 33, 36, 15, 17, 15,
   33, 30, 45, 38,  9, 19, 39,  7, 13, 34, 45, 14, 44, 38, 42, 49,  9, 43, 44, 36, 18, 39, 19, 26, 19, 33, 41, 32, 23,  8, 28, 11, 40, 47,
   34, 47,  8, 43, 35, 11, 25, 23, 46, 15, 44, 42, 22, 22,  7, 49, 42, 39, 42, 38, 10, 28, 36, 38, 17, 16, 23, 21, 15,  8, 46,  9, 31, 22,
   18, 12, 28, 11, 16, 42, 46, 19, 25, 16, 35, 19, 16, 48, 25, 15, 41, 11, 12, 46, 34, 24, 32, 38,  7, 34, 43, 39, 49, 45, 16, 46, 39,  9,
   12, 26, 35, 10, 12, 10, 33, 29, 46, 17, 47, 23, 23, 44, 25, 29, 16, 13, 15, 21,  7, 12, 30, 15, 46, 10, 21, 22,  9, 22, 44, 10, 45, 19,
   42, 41, 24, 25, 12, 18,  7, 19, 19, 24, 32, 30, 22, 28,  9, 44, 12, 33, 16, 37, 37,  8, 19, 35, 36, 36, 25,  9, 43, 44, 22, 49, 18, 38,
   42, 10, 42,  9, 35, 30, 15, 42, 32, 48, 26, 47, 27, 42, 43, 46, 43, 38, 47, 40, 32, 14, 25, 14, 31, 44, 13, 48, 17, 10, 32, 27, 27, 10,
   12, 12, 49, 43, 29, 46, 23, 37, 48, 18, 44, 27, 18, 46, 24, 24, 43, 20, 17, 40, 13, 21, 43, 40, 10, 34, 31, 46, 48, 29, 26, 12, 37, 11,
   36, 21, 42, 39, 30, 48, 12, 38, 18, 19, 39, 32, 10, 10, 25,  7, 42, 24, 30, 49, 27, 27, 44,  9, 48, 43, 19, 26, 37, 18, 46, 16, 31, 22,
   28, 49, 47, 36, 22, 28, 37, 19, 42, 22, 35, 26, 22, 36, 18, 42, 36, 12, 45, 30, 17,  7, 26, 18, 43, 49, 33, 46, 43, 36, 48, 10, 13, 18,
   10, 45, 12, 33, 36, 19, 33, 48, 33,  9, 31, 35, 13, 14, 39, 38, 25, 40, 41, 29, 10, 15, 20, 45, 45, 18, 12, 14, 29, 27, 38, 20, 36, 46,
   31, 30, 30, 36, 42, 38,  9, 16, 36, 29, 31, 14, 37, 20, 25, 41, 38, 23, 18, 36,  8, 45,  9, 24, 21, 40, 31, 34, 47, 34, 33, 39, 45, 33,
   49,  8, 30, 44, 34, 16, 40, 20, 34, 12, 41, 13, 14, 15, 13, 40, 49, 12, 14, 30, 36, 30, 26, 39, 33, 12, 45, 47, 28, 37, 32, 12, 44,  9,
   35, 39, 23, 49, 29, 35, 21,  9, 18, 40, 11, 22,  9, 45, 41, 11, 11, 33, 45, 43,  9, 15,  9, 46, 13, 33, 39, 35, 11, 12, 21, 43, 13, 28,
   44, 37, 26, 14, 42,  9, 49, 40, 31, 45, 12, 16, 15, 31, 18, 37, 23, 39, 42, 22, 27, 48, 21, 30, 39, 28,  8, 40, 10, 23, 25, 40, 22, 40,
   45, 14,  9, 19, 43, 16, 38, 33, 48,  8, 45, 13, 27, 29, 17, 41, 14, 27, 33, 11, 40, 38, 33, 23, 25, 22, 13, 17, 44, 46,  9, 44, 49, 41,
   34, 45, 39, 17, 10, 11, 28, 28, 45, 26, 46, 47, 16, 20, 38, 36, 44, 10, 30, 37, 17, 33, 41, 46, 20, 44, 13, 21, 33, 35, 20, 16, 16, 39,
   21, 24, 21, 19, 30, 20, 38, 30, 34, 42, 45, 11, 24, 28, 38, 21, 24, 22, 31, 36, 42, 38, 18, 32, 43, 26, 20, 13, 25, 23, 48, 18, 22, 11,
    9, 17, 19, 26, 28, 34, 21, 41, 46, 33, 12, 19, 39, 40, 34, 36, 36, 46, 44, 33, 44, 48, 34, 25, 41, 16, 34, 22, 41, 38, 20, 36, 37, 27,
   46, 16, 42, 22, 22, 45, 34, 44, 24, 22, 24, 23,  9, 43, 18, 30, 15, 16, 28, 48, 18, 24, 35, 23, 21, 11, 22, 47, 44, 41, 27, 34, 26, 23,
   39, 35, 42,  9, 17, 24, 32, 49, 14,  7, 31, 43, 47, 37, 35, 21, 10, 41, 45, 40, 22, 33, 15, 19, 22, 40,  8, 14, 34, 29, 37, 33, 40, 43,
   25, 16, 31, 35, 31, 16, 41, 37, 13, 43, 20,  7, 38, 47]]
W=[19929, 20802, 24140, 18762, 22986, 14036, 21904, 24338, 17282, 20453, 23972, 25007, 19762, 17778, 23092, 25427, 22796, 23004, 15974,
   22060]
P=[V,R,W]

Mejor solucin encontrada:
[  0,   0,   3,   0,   0,   0,   0,   0,   0,   0,   0,   0,   0,   0,   0,   0,   0,   0,   0,   0,   0,   0,   0,   0,   0,  11,
   0,   1,   0,   0,   0,   0,   0,   0,   0,   0,   0,   0,   0,   0,   0,   0,   0,   0,   0,   0,   0,   0,   0,   0,   0,   0,
   0,   0,   0,   0,   0,   1,   0,   0,   0,   0,   0,   0,   0,   0,   0,   0,   0,   9,   0,   0,  70,   0,   1,   0,   0,   0,
   0,   0,   0,   0,   0,   0,   0,   0,   0,   0,   0,   0,   0,   0,   0,   0,   0,   0,   0,   0,   0,   0,   0,   0,   5,   0,
   0,   0,   0,   0,   0,   0,   0,   0,   0,   0,   0,   0,   0,   0,   0,   0,   0,   0,   0,   0,   0,   0,   0,   0,   0,   0,
   0,   1,   0,   1,   0,   0,   0,   0,   0,   0,   0,   1,   0,   1,   0,   0,   0,   0,   0,   0,   0,   0,   0,   0,   0,   0,
   0,   0,   0,   0,   0,   0,   0,   0,   0,   0,   0,   0,   0,   0,   0,   1,   0,   0,   0,   1,   0,   0,   0,   0,   0,   0,
   0,   0,   0,   0,   0,   1,   0,   0,   0,   0,   0,   0,   0,   0,   0,   0,   0,   0,   0,   0,   0,   0,   0,   0,   0,   0,
   0,   0,   0,   1,   0,   0,   0,   0,   0,   0,   0,   0,   0,   0,   0,   0,   0,   0,   0,   0,   0,   0,   0,   0,   0,   0,
   0,   0,   0,   5,   0,   0,   0,   0,   0,   0,   1,   0,   0,   0,   0,   0,   0,   0,   0,   0,   1,   0,   0,   0,   0,   0,
   0,   0,   0,   0,   0,   0,   0,   0,   0,   0,   0,   1,   0,   0,   0,   0,   0,   0,   0,   0,   0,   0,   0,   0,   0,   0,
   0,   0,   0,   0,   0,   0,   0,   0,   0,   0,   0,   0,   0,   0,   0,   0,   0,   0,   0,   0,   0,   0,   1,   0,  71,   0,
   0,   0,   0,   0,   0,   0,   0,   0,   0,   0,   0,   0,   0,   0,   0,   0,   0,   0,   0,   0,   0,   0,   0,   0,   0,   0,
   0,   0,   0,   0,   0,   0,   1,   0,   0,   0,   0,   0,   0,   0,   0,   0,   0,   0,   0,   0,   0,   0,   0,   0, 168,   0,
   0,   0,   0,   0,   0,   0,   0,   0,   0,   0,   0,   0,   2,   0,   1,   0,   0,   0,   0,   0,   0,   0,   0,   0,   0,   0,
   0,   0,   0,   0,   0,   0,   0,   1,   0,   0,   0,   0,   0,   0,   0,   0,   0,   0,   0,   0,   0,   0,   0,   0,   0,   0,
   0,   0,   0,   0,   0,   0,   0,   0,   0,   0,   0,   0,  19,   0,   0,   0,   1,   0,   0,   0,   0,   0,   0,   0,   0,   0,
   0,   0,   0,   0,   0,   0,   0,   0,   0,   0,   0,   0,   0,   0,   0,   0,   1,   0,   1,   0,   0,   0,   0,   0,   0,   0,
   0,   0,   0,   0,  31,   0,   0,   0,   0,   0,   0,   0,   1,   0,   0,   0,   0,   0,   0,   0,   0,   0,   0,   0,   0,   0,
   0,   0,   0,   0,   0,   0,   0,   0,   0,   9,   0,   0,   0,   0,   0,   0,   0,   0,   0,   0,   0,   0,  51,   1,   0,   0,
   0,   0,   0,   0,   0,   1,   0,   0,   0,   0,   0,   0,   0,   0,   0,   0,   0,   0,  20,   0,   0,   0,   0,   0,   0,   0,
  16,   0,   0,   0,   0,   0,   1,   0,   0,   0,   0,   0,  14,   0,   0,   0,   0,   1,   0,   0,   0,   0,   0,   0,   0,   0,
   0,   0,   0,   1,   0,   7,   0,   0,   0,   0,   0,   0,   0,   0,   0,   0,   0,   0,   0,   0,   0,   0,   0,   0,   0,   1,
   0,   0,   0,   1,   0,   2,   0,   0,   0,   0,   0,   0,   0,   0,   0,   0,   0,   0,   0,   0,   0,   0,   1,   0,   0,   0,
   0,   0,   0,   0,   0,   0,   0,   1,   0,   0,   0,   0,   0,   0,   0,   0,   0,   1,   1,   0,   0,   0,   0,   0,   0,   0,
   0,   0,   0,   0,   0,   0,   0,   0,   0,   0,   0,   0,   0,   0,   0,   0,   0,   1,   0,   1,   0,   0,   0,   0,   0,   0,
   0,   0,   0,   0,   0,   0,   0,   0,   0,   0,   0,   0,   0,   0,   0,   0,   0,   0,   0,   0,   0,   1,   1,   1,   0,   0,
   0,   0,   0,   0,   0,   0,   0,   0,   0,   0,   0,   0,   0,   0,   0,   0,   0,   0,   0,   0,   0,   0,   0,   0,   0,   0,
   0,   0,   0,   0,   0,   0,   0,   0,   0,   0,   0,   0,   0,   0,   0,   0,   0,   0,   0,   0,   0,   0,   0,   0,   0,   0,
   0,   0,   0,   0,   0,   0,   0,   0,   0,   0,   0,   0,   0,   0,   0,   0,   0,   0,   0,   0,   0,   0,   0,   0,   0,   0,
   0,   0,   0,   0,   0,   0,   0,   0,   0,   0,   0,   0,   0,   0,   0,   0,   0,   0,   0,   0,   0,   0,   0,   0,   0,   0,
   0,   0,   0,   0,   0,   0,   0,   0,   0,   0,   0,  25,   0,   0,   1,   0,   0,   0,   0,   0,   0,   0,   0,   0,   0,   0,
   0,   0,   0,   0,   1,   0,   0,   0,   1,   0,   0,   0,   0,   0,   0,   0,   0,   0,   0,   0,   0,   0,   0,   0,   0,   0,
   0,   0,   0,   0,   0,   0,   0,   0,   0,   0,   0,   0,   0,   0,   0,   0,   0,   0,   0,   0,   0,   0,   0,   0,   0,   0,
   0,   0,   0,   0,   0,   1,   0,   0,   0,   0,   0,   0,   0,   0,   0,   0,   0,   0,   0,   0,   0,   0,   0,   0,   0,   0,
   0,   0,   0,   0,   0,   0,   0,   0,   0,   0,   0,   0,   0,   0,   0,   0,   0,  34,   0,   1,   0,   0,   0,   0,   0,   1,
   1,   0,   0,   0,   0,   0,   0,   0,   0,   0,   0,   0,   0,   0,   0,   0,  41,   0,   1,   0,   0,   0,   0,   1,   0,   0,
  62,   0,   0,   3,   0,   0,   0,   0,   0,   0,   1,   0,   0,   1,   0,   0,   0,   0,   9,   0,   0,   0,   0,   0,   0,   1,
   0,   0,   0,   0,   0,   0,   0,   0,   0,   0,   0,   0]

Valor ptimo generado:
99597