MUKP con n=100 y m=5
V=[  7, 100, 104,  31,  24,  52,  41,  45,  15,  25,  26,  76,  57,
    28,  26,  17,  69,  28,  33, 101,  17,  29,  35,  20,   3,  82,
     8, 126,  45, 103,  13,  80,  25,  49, 121,  16,  29, 103,  50,
    30,  87, 109,  29,  41,  53, 130,  14,   6,   6,  72,  27,  57,
    86,  73,  68,  49,  62,  13,  51,  10,  59,  33,  40,  19,  30,
    48,  17,  62,  56,  50, 113,  55,  26,  44,  73,  45,  51,  48,
    58,  17,  12,  88,  66,  51,  52,  80,  26,  35,  74,  95,  50,
    13,  70,  15,  27,  23,  29,  71, 105,  35]
R=[[ 9, 36, 42, 27, 11, 46, 38, 24, 35, 10, 16, 27, 33, 52, 16, 10, 34,
    14, 51, 31, 26, 18, 38, 41, 10, 14, 50, 20, 41, 16, 45, 23, 18, 50,
     9, 52, 45, 11, 38, 46, 29, 52, 13, 44, 19, 46, 15, 11, 14, 26, 23,
    14, 31, 43, 11, 33, 48, 27, 41, 46, 45, 12, 50, 36, 30, 20, 52, 23,
    35, 52, 45, 33, 36, 44, 14, 33, 52, 34, 28, 41, 22, 34, 40, 21, 51,
    40, 14, 15, 45, 50, 45, 38, 24, 38, 14, 37, 10, 48, 43, 12],
   [23, 11, 38, 35, 18, 34, 18, 31, 19, 31, 35, 22, 37, 37, 39, 28, 33,
     8, 26,  9, 20, 34, 19, 26,  3, 23, 27, 38, 26, 38, 13, 28, 27, 40,
    41, 18, 14, 26, 21, 29, 19, 14,  7, 13, 38, 11,  7, 11,  4, 14, 17,
     3, 22, 28, 28, 12, 15,  8, 40, 19, 33, 28, 18, 35, 26, 11,  7, 21,
    14,  3,  8,  8, 12, 38, 29, 27, 41, 29, 34, 32, 16, 21, 26, 11, 24,
    12, 16,  5, 18, 15,  4, 13, 38, 24, 23, 10, 30,  9,  7, 15],
   [ 4, 19, 45, 14, 12, 24, 19, 33,  9, 34, 10, 42,  4, 20, 39,  7, 11,
    29, 30, 48,  7, 39, 31, 43, 33, 35, 24, 20, 15,  6, 15, 30, 29, 28,
    26, 28,  5, 48, 33, 37, 33, 23, 17, 19, 26, 44, 41,  4, 17, 16, 33,
    34, 40, 20, 37, 25, 35,  8, 41, 30, 32, 43, 23, 17, 16, 40, 10, 23,
    24, 19, 42, 29, 33, 30, 48, 26, 14, 17, 13, 28, 39, 46, 24, 40, 27,
     6, 31,  9, 26, 44, 16,  5, 24, 11,  8, 41, 25, 10, 44, 12],
   [15, 19, 38, 23, 42, 38, 14, 45, 16, 29, 52, 11, 50, 23, 18, 15, 38,
    46, 33, 51, 37, 19, 44, 44, 45, 45, 42, 31, 11, 40, 25, 39, 22, 42,
    43, 19, 15, 26, 27, 28, 40, 55, 46, 53, 10, 23, 21, 18, 13, 45, 53,
    14, 50, 55, 29, 48, 47, 27, 33, 19, 35, 10, 46, 21, 26, 40, 38, 15,
    31, 17, 44, 39, 16, 50, 46, 51, 26, 53, 13, 20, 18, 41, 27, 39, 24,
    17, 53, 24, 14, 10, 46, 12, 48, 44, 40, 55, 40, 45, 40, 50],
   [10, 44, 21, 41, 51, 46, 30, 16, 10, 21, 41, 45, 48, 21, 46, 46, 43,
    27, 38, 16,  9, 16, 53, 10, 53, 50, 12, 48, 51, 17, 22, 46, 12, 53,
    32, 36, 12, 31, 28, 46, 15, 52, 17, 52, 44, 44,  7, 33, 11, 38, 37,
    11, 50, 44, 34, 24, 45, 25, 51, 14, 19, 27,  9, 24, 39, 25, 10, 41,
    18, 45, 37, 16, 27, 20, 28, 27, 20, 21, 37, 21, 17, 50, 32, 15, 31,
    29, 26, 15, 39, 28, 17, 16, 14, 48, 52, 25, 19, 32, 29, 38]]
W=[2096, 1604, 1977, 1839, 2090]
P=[V,R,W]

Mejor solución encontrada:
[ 0, 11,  8,  0,  0,  0,  0,  0,  0,  0,  0,  0,  0,  0,  0,  0,  0,
  0,  0,  0,  0,  0,  0,  0,  0,  0,  0,  4,  0,  4,  0,  0,  0,  0,
  6,  0,  0,  1,  0,  0,  1,  0,  0,  0,  0, 14,  0,  0,  0,  0,  0,
  0,  0,  0,  0,  0,  0,  0,  0,  0,  0,  0,  0,  0,  0,  0,  0,  0,
  0,  0,  0,  0,  0,  0,  0,  0,  0,  0,  0,  0,  0,  0,  0,  0,  0,
  1,  0,  0,  0,  1,  0,  0,  0,  0,  0,  0,  0,  0,  9,  0]

Valor óptimo generdao:
6704