MUKP con n=50 y m=3
V=[26,  97,  41,  64,  99,  29,  32,  84,  23,  54,  60,  60, 112,
   74,  86,  27,  23,  39,  38,  20,  55,  86,  34,  36,  23,  25,
   38,  25,  13,  36,  28,   9,  23,  78,   9,  75,  42,  26,  47,
   29,   8,  39,  43,  92,  52,  28,  64,  59,  82,  17]
R=[[24, 48, 14, 32, 43, 30, 27, 44, 11, 49, 40, 14, 45, 30, 48, 17, 31,
    17, 19, 40, 15, 30, 14, 50, 24, 33, 42, 42, 20, 14, 13, 10, 43, 18,
    13, 29, 46, 34, 42, 21, 34, 36, 15, 38, 43, 38, 15, 24, 40, 32],
   [39, 35, 22, 31, 23, 25, 36, 20, 28, 10, 32, 29, 39, 27, 40, 29, 15,
    28, 21, 29, 16, 13, 11, 26, 36, 40, 20, 13, 13, 13, 15, 14, 12, 24,
    30, 11, 38, 29, 27, 13, 36, 14, 34, 29, 38, 14, 35, 33, 34, 26],
   [22, 10, 37, 26, 28, 14, 19, 31, 26, 39, 30, 33,  4, 40, 29,  8, 19,
    14, 25,  7, 26, 33, 38, 31, 17, 35, 40, 39, 34, 33, 20,  6, 12, 28,
     9,  8, 32, 25, 22, 22,  4, 19, 37, 38, 40, 17, 10, 30, 21, 14]]
W=[915, 794, 739]
P=[V,R,W]

Mejor solución encontrada:
[0,  0,  0,  0,  0,  0,  0,  0,  0,  0,  0,  0,  1,  0,  0,  0,  0,
 0,  0,  0,  0,  1,  0,  0,  0,  0,  0,  0,  0,  0,  0,  0,  0, 20,
 0, 16,  0,  0,  0,  0,  0,  0,  0,  0,  0,  0,  1,  0,  0,  0]

Valor óptimo generado:
3022